0 1 1
0 2 2
0 2 4
0 3 3
0 4 5
0 5 5
0 6 6
0 7 8
0 8 8
0 9 8
0 10 7
0 11 9
1 1 2
1 2 3
1 2 5
1 2 6
1 3 4
1 4 7
2 1 1
2 1 2
2 2 3
2 3 4
2 4 5
2 5 6
2 5 7
2 6 9
2 7 10
2 8 8
2 9 11
2 10 12
2 11 14
2 12 13
2 13 15
2 14 16
2 15 17
2 17 18
2 18 19
2 20 27
2 21 24
2 22 25
2 23 26
2 25 21
2 25 22
2 25 23
2 26 20
2 27 20
2 28 28
3 1 1
3 2 1
3 3 2
3 5 3
3 6 4
3 7 5
3 8 6
3 9 7
3 9 8
3 9 9
3 9 10
3 9 11
3 9 12
3 10 13
3 11 13
3 13 14
3 14 15
3 16 16
3 17 17
3 18 18
3 19 19
4 2 11
4 2 12
4 3 13
4 4 14
4 5 15
4 6 9
4 6 10
4 6 8
4 7 1
4 7 4
4 8 2
4 9 3
4 10 4
4 10 5
4 10 7
4 11 6
4 12 25
4 13 17
4 14 17
4 15 18
4 15 19
4 15 20
4 16 18
4 16 19
4 16 20
4 16 21
4 17 22
4 18 23
4 19 26
4 20 27
4 20 28
4 20 29
4 21 30
4 22 24
4 23 31
4 24 32
4 25 33
4 25 34
4 26 35
5 1 2
5 2 3
5 3 1
5 4 4
5 5 5
5 6 6
5 13 13
5 14 13
5 15 14
5 16 8
5 17 9
5 17 10
5 17 11
5 17 12
5 18 15
6 1 3
6 2 6
6 3 2
6 5 4
6 6 5
6 8 7
6 9 9
6 11 13
6 12 14
6 13 15
6 14 8
6 15 8
6 16 11
6 17 16
7 1 1
7 2 2
7 3 6
7 3 7
7 4 8
7 5 9
7 6 10
7 7 11
7 8 12
7 8 13
7 9 3
7 10 14
7 11 4
7 13 17
7 14 18
7 15 21
7 16 15
7 16 16
7 18 23
8 1 1
8 2 2
8 3 3
8 4 4
8 4 5
8 5 6
8 6 7
8 6 8
8 7 9
8 8 10
9 2 4
9 3 6
9 4 5
9 6 1
9 7 2
9 8 3
9 9 8
9 10 8
9 11 9
9 11 7
9 15 10
9 16 11
9 17 12
9 17 13
9 19 14
9 20 14
9 21 14
9 22 17
9 23 18
9 24 19
9 25 20
9 26 21
9 27 22
9 28 23
9 28 24
9 29 26
9 30 27
9 32 28
9 33 29
9 34 25
9 35 30
10 1 1
10 2 2
10 4 5
10 5 5
10 5 6
10 5 7
10 6 5
10 7 5
10 11 9
10 12 10
10 13 10
10 14 10
10 15 11
10 15 12
10 15 13
10 16 8
10 17 14
11 1 5
11 2 7
11 3 6
11 4 8
11 5 1
11 6 2
11 7 3
11 9 9
11 10 10
11 11 11
11 11 12
11 11 13
11 14 16
11 15 18
11 16 19
11 17 20
11 18 21
11 18 22
11 18 23
11 19 25
11 19 24
11 20 26
11 21 27
11 22 28
11 23 29
11 24 30
11 25 17
11 26 14
11 26 15
11 27 31
12 1 1
12 2 2
12 3 3
12 4 4
12 4 5
12 5 6
12 6 6
12 7 6
12 8 7
12 9 7
12 11 9
12 11 10
12 11 11
12 11 8
12 12 15
12 12 16
12 13 13
12 14 12
12 14 14
12 15 17
12 16 18
12 17 25
12 17 24
12 18 21
12 19 22
12 20 23
12 21 23
12 23 20
12 24 26
12 24 19
13 2 1
13 3 2
13 3 3
13 4 4
13 4 5
13 5 12
13 6 11
13 7 6
13 8 7
13 8 8
13 9 9
13 10 10
13 11 13
13 12 16
13 13 17
13 14 18
13 15 19
13 16 20
13 17 14
13 18 15
13 19 21
13 20 21
13 21 22
13 22 26
13 23 25
13 23 27
13 23 23
13 23 24
13 24 28
13 25 28
13 26 29
13 26 30
13 27 28
13 28 31
13 29 32
14 1 1
14 2 2
14 2 3
14 2 4
14 3 5
15 1 1
15 2 2
15 3 3
15 4 4
15 6 7
15 7 8
15 8 9
15 9 9
15 9 7
15 9 8
15 10 10
15 10 6
15 11 11
16 1 1
16 2 3
16 3 4
16 4 5
16 5 2
16 6 9
16 6 8
16 7 7
16 8 10
16 8 11
16 9 12
16 10 13
16 11 13
16 12 14
16 13 15
16 14 17
16 14 18
16 14 19
16 14 20
16 14 16
16 15 6
16 16 21
17 1 1
17 2 2
17 4 3
17 5 4
17 6 5
17 7 6
17 8 7
17 9 8
17 10 9
17 11 10
17 12 11
17 13 12
18 1 1
18 2 2
18 2 3
18 3 4
18 3 5
18 4 5
18 5 6
18 6 7
18 7 9
18 8 8
18 9 10
18 10 11
18 10 12
18 10 13
18 10 14
18 11 15
18 12 16
18 13 19
18 13 20
18 13 21
18 13 22
18 14 23
18 14 24
18 15 25
18 16 26
18 16 27
18 17 17
18 17 18
18 18 28
18 19 29
18 20 30
18 21 31
18 22 34
18 23 35
18 24 36
18 25 37
18 26 38
18 26 39
18 27 33
18 27 32
18 28 40
19 1 1
19 2 2
19 3 3
19 3 4
19 3 5
19 4 6
19 5 15
19 6 16
19 7 20
19 8 18
19 8 19
19 9 19
19 10 21
19 11 22
19 12 17
19 15 8
19 16 9
19 18 10
19 19 10
19 20 13
19 20 14
19 21 11
19 22 12
19 24 7
19 25 7
19 26 23
20 1 1
20 2 1
20 3 2
20 4 5
20 4 6
20 5 7
20 5 8
20 6 3
20 7 4
20 8 9
20 9 9
20 10 13
20 11 14
20 12 15
20 13 10
20 13 11
20 13 12
20 14 16
20 15 17
20 16 19
20 16 20
20 17 24
20 18 25
20 19 23
20 20 21
20 21 21
20 22 18
20 23 26
21 1 1
21 2 2
21 2 3
21 2 4
21 2 5
21 2 6
21 3 7
21 4 11
21 5 12
21 6 13
21 7 14
21 8 9
21 9 10
21 10 8
21 11 15
22 1 1
22 2 2
22 3 12
22 4 12
22 5 13
22 5 14
22 6 3
22 7 5
22 8 6
22 9 7
22 10 8
22 11 9
22 12 10
22 13 11
22 14 4
22 16 15
22 17 16
22 18 17
22 19 19
22 20 18
22 21 21
22 22 22
22 23 20
22 24 20
22 25 23
23 1 1
23 2 2
23 3 4
23 4 3
23 5 3
23 6 5
23 7 8
23 8 9
23 9 10
23 10 11
23 11 12
23 12 7
23 13 7
23 14 6
23 15 13
24 1 2
24 1 3
24 2 1
24 3 4
24 3 5
24 5 10
24 5 11
24 5 12
24 6 15
24 7 16
24 8 17
24 9 13
24 10 14
24 12 19
24 13 20
24 14 21
24 17 25
24 19 26
24 20 27
24 21 28
24 22 29
24 23 30
24 24 31
24 26 32
24 27 33
24 28 34
24 28 35
24 29 38
24 30 6
24 31 7
24 32 7
24 33 7
24 34 9
24 34 8
24 35 6
24 36 39
25 1 10
25 2 11
25 3 12
25 4 13
25 5 9
25 6 9
25 7 2
25 8 1
25 8 2
25 8 3
25 9 4
25 10 5
25 11 14
26 1 1
26 2 2
26 2 3
26 3 9
26 3 8
26 4 10
26 5 11
26 6 4
26 7 5
26 8 6
26 9 7
26 11 14
26 12 15
26 13 16
26 14 17
26 15 18
26 17 20
26 18 21
26 18 22
26 18 23
26 19 24
26 21 13
26 22 13
26 23 25
27 1 1
27 2 2
27 3 3
27 4 4
27 5 5
27 6 6
27 7 7
27 8 8
27 9 9
27 10 9
27 11 10
27 12 11
27 13 12
27 14 13
27 15 14
27 16 15
27 17 16
27 18 17
27 19 18
27 20 19
27 21 20
27 22 21
27 23 22
28 1 1
28 2 1
28 3 2
28 3 3
28 4 11
28 5 5
28 6 9
28 6 7
28 6 8
28 7 6
28 8 12
28 9 13
28 9 14
28 10 15
28 11 17
28 11 16
28 12 18
28 12 19
28 12 20
28 13 11
28 14 11
28 15 10
28 15 11
28 16 11
28 17 21
28 18 22
28 19 23
28 20 24
28 21 25
28 22 26
28 24 27
28 25 28
28 26 31
28 26 32
28 27 33
28 28 29
28 28 30
28 30 37
28 31 38
28 34 34
28 34 35
28 34 36
28 36 39
29 1 1
29 2 2
29 3 4
29 4 5
29 5 6
29 6 7
29 7 8
29 8 9
29 9 10
29 10 11
29 11 12
29 12 13
29 14 14
29 15 15
29 16 16
29 17 17
29 18 18
29 19 19
29 20 20
30 1 6
30 2 5
30 2 7
30 3 1
30 4 2
30 4 3
30 4 4
30 5 9
30 6 10
30 7 8
30 10 13
30 11 14
30 12 16
30 13 17
30 16 20
30 17 11
30 17 12
30 17 15
30 18 21
30 19 22
30 21 25
30 22 26
30 22 27
30 23 28
30 24 29
30 24 30
30 25 31
30 25 32
30 26 33
30 28 34
30 28 35
30 29 36
30 29 37
30 30 38
30 31 39
30 32 24
30 33 23
30 34 40
31 1 1
31 2 2
31 3 3
31 4 10
31 5 5
31 6 6
31 7 7
31 8 7
31 9 9
31 10 12
31 11 13
31 12 14
31 13 11
31 14 15
31 15 16
31 16 17
31 17 18
31 17 19
31 18 20
31 19 21
31 20 22
31 21 22
31 22 23
31 23 24
31 24 25
31 25 20
31 26 26
32 1 1
32 2 2
32 5 3
32 6 3
32 8 10
32 9 11
32 10 12
32 11 13
32 11 14
32 12 9
32 13 5
32 13 6
32 13 7
32 13 8
32 14 4
32 15 15
33 1 1
33 2 2
33 3 3
33 4 4
33 5 5
33 6 3
33 7 6
34 1 1
34 2 2
34 3 3
34 3 4
34 4 5
34 5 6
34 5 7
34 5 8
35 1 1
35 2 2
35 4 3
35 7 9
35 10 4
35 11 5
35 12 10
35 12 11
35 12 12
35 13 7
35 13 8
35 14 6
35 16 13
35 16 14
35 18 15
35 19 16
35 20 17
35 21 18
35 21 19
35 21 20
35 23 21
36 1 1
36 2 4
36 5 7
36 6 8
36 7 9
36 8 10
36 9 11
36 14 15
36 14 16
36 15 14
36 16 17
37 1 3
37 1 4
37 2 1
37 2 2
37 3 5
37 4 6
37 6 7
37 7 8
38 1 1
38 2 2
38 2 3
38 3 4
38 4 5
38 5 6
38 6 7
38 7 8
38 8 9
39 6 4
39 7 1
39 8 5
39 9 6
39 9 7
39 10 2
39 10 3
39 13 15
39 14 10
39 16 16
39 17 17
39 18 18
39 18 19
39 33 20
40 1 9
40 1 10
40 2 11
40 2 12
40 3 13
40 3 14
40 3 15
40 4 2
40 5 4
40 6 5
40 7 16
40 8 17
40 9 18
40 10 19
40 11 20
40 12 21
40 13 22
40 13 24
40 14 23
40 15 25
40 15 27
40 17 26
40 21 29
40 23 30
40 24 31
40 25 32
40 26 35
40 27 34
40 28 33
40 31 36
41 1 1
41 2 2
41 2 3
41 2 5
41 3 4
41 4 10
41 5 10
41 6 10
41 7 9
41 7 8
41 8 24
41 9 25
41 10 26
41 12 11
41 13 12
41 14 13
41 15 14
41 16 15
41 17 6
41 17 7
41 19 16
41 20 17
41 21 17
41 22 18
41 23 19
41 24 20
41 25 20
41 26 21
41 26 22
41 27 17
41 27 18
41 29 27
42 1 1
42 2 2
42 2 3
42 3 4
42 3 5
42 4 6
42 5 6
42 6 7
42 7 8
42 8 9
42 9 10
42 10 17
42 10 18
42 10 13
42 10 14
42 11 11
42 12 19
42 12 15
42 15 20
42 16 21
42 17 22
42 18 23
42 18 24
42 19 27
42 20 25
42 21 26
42 22 28
42 22 29
42 22 30
42 23 31
42 24 32
42 26 33
43 1 1
43 2 2
43 2 3
43 3 4
43 4 5
43 5 6
43 5 7
43 6 8
43 7 9
43 8 10
44 1 3
44 2 3
44 3 1
44 4 2
44 5 4
44 6 6
44 7 7
44 8 6
44 9 8
44 10 9
44 11 10
44 12 11
44 13 5
44 14 12
44 15 14
44 15 15
44 16 19
44 16 20
44 17 16
44 18 17
44 19 18
44 20 13
44 21 21
44 22 22
44 23 22
44 24 22
44 25 24
44 26 23
44 28 27
44 29 28
44 30 29
44 31 25
44 31 26
44 32 30
45 1 1
45 2 2
45 3 3
45 3 4
45 4 5
45 5 6
45 6 7
45 7 8
45 8 9
45 8 10
45 9 11
45 10 12
45 11 13
46 2 1
46 3 2
46 3 3
46 3 4
46 4 6
46 5 5
46 6 6
46 8 7
46 9 8
46 10 11
46 11 10
46 12 9
46 13 12
46 14 13
46 15 14
46 17 15
46 18 17
46 19 16
46 21 18
46 21 19
46 21 20
46 21 21
46 21 22
46 23 23
46 25 28
46 26 29
47 1 1
47 2 2
47 3 3
47 4 4
47 5 4
47 6 8
47 7 5
47 9 6
47 9 7
47 10 11
47 11 12
47 12 13
47 13 10
47 14 10
47 15 9
47 15 10
47 16 14
48 1 1
48 2 3
48 3 3
48 4 2
48 5 4
48 6 5
48 7 5
48 8 9
48 8 10
48 8 6
48 8 7
48 8 8
48 9 11
48 10 12
48 10 13
48 11 14
48 12 15
48 13 16
48 14 17
48 14 18
48 15 19
48 16 20
49 2 4
49 4 1
49 4 2
49 5 3
49 6 4
49 8 5
49 9 6
49 10 10
49 11 11
49 11 12
49 11 13
49 12 9
49 13 8
49 14 7
49 15 14
50 1 1
50 2 2
50 3 2
50 4 2
50 5 2
50 6 3
50 7 4
50 8 11
50 9 7
50 10 9
50 10 10
50 10 8
50 11 6
50 12 5
50 13 12
50 14 14
50 15 17
50 16 19
50 17 20
50 19 21
50 20 23
50 22 24
50 23 25
50 24 13
50 24 22
50 24 15
50 24 16
50 25 28
51 1 1
51 2 2
51 3 2
51 4 3
51 4 4
51 4 5
51 5 3
51 7 8
51 8 9
51 9 10
51 10 6
51 10 7
51 12 11
51 12 12
51 12 13
51 14 14
51 15 15
51 16 15
51 17 16
52 1 2
52 2 3
52 2 4
52 3 5
52 4 1
52 6 7
52 8 9
52 8 8
52 9 10
52 10 12
52 12 13
52 13 15
53 1 1
53 2 2
53 3 8
53 4 15
53 5 16
53 6 17
53 6 18
53 7 9
53 8 9
53 9 12
53 10 13
53 11 14
53 12 10
53 12 11
53 13 19
54 1 5
54 2 6
54 3 7
54 4 8
54 5 9
54 6 10
54 7 1
54 8 2
54 9 4
54 10 3
54 11 3
54 12 11
54 13 11
54 14 12
54 15 14
54 16 13
54 16 15
54 17 16
54 18 16
54 19 31
54 20 32
54 21 17
54 22 18
54 22 19
54 23 20
54 24 21
54 25 22
54 26 23
54 27 25
54 27 24
54 28 26
54 28 27
54 29 29
54 30 30
54 31 28
54 32 28
54 33 33
55 1 1
55 2 6
55 3 2
55 4 2
55 7 12
55 9 3
55 10 4
55 10 5
55 11 7
55 12 8
55 13 9
55 13 10
55 14 13
56 1 6
56 2 7
56 3 4
56 4 1
56 5 2
56 6 3
56 7 9
56 7 10
56 7 8
56 9 11
56 10 12
56 11 13
56 12 4
56 13 16
57 1 1
57 2 3
57 3 2
57 4 4
57 4 5
57 5 6
57 6 7
57 8 8
57 9 9
57 10 10
57 11 11
57 12 12
57 13 13
57 14 14
57 14 15
57 15 16
57 16 17
57 17 18
57 18 19
57 19 20
57 20 20
57 21 21
57 22 22
57 23 23
57 24 11
57 25 24
58 1 1
58 2 2
58 3 3
58 4 4
58 5 5
58 6 6
58 7 9
58 9 8
58 10 7
58 11 10
58 12 14
58 16 19
58 17 13
58 22 19
58 23 20
58 26 22
58 29 23
58 30 24
58 34 25
58 35 26
58 36 27
58 37 28
59 1 6
59 2 7
59 3 8
59 4 9
59 5 10
59 6 11
59 7 12
59 8 13
59 9 2
59 10 1
59 12 3
59 13 4
59 14 4
59 15 5
59 16 2
59 17 14
60 1 15
60 2 15
60 3 16
60 4 17
60 5 2
60 7 3
60 8 3
60 9 4
60 10 5
60 11 6
60 12 7
60 13 8
60 14 9
60 15 9
60 16 9
60 17 10
60 18 11
60 18 12
60 20 20
60 21 21
60 22 23
60 23 18
60 24 19
60 25 24
60 26 25
60 27 26
61 1 1
61 2 2
61 3 3
61 4 20
61 4 21
61 4 15
61 5 17
61 5 16
61 6 18
61 7 19
61 8 9
61 9 4
61 10 5
61 11 6
61 12 7
61 13 8
61 14 10
61 15 13
61 16 12
61 16 14
61 17 11
61 18 9
61 19 22
62 1 1
62 2 2
62 2 4
62 3 3
62 4 5
62 5 6
62 5 7
62 8 9
62 9 10
62 10 2
62 10 4
62 11 11
62 13 12
62 14 13
62 15 14
62 15 15
62 16 16
62 17 17
62 17 18
62 18 19
62 18 21
62 19 20
62 20 23
62 21 26
62 21 27
62 22 25
62 23 29
62 24 30
62 25 22
62 26 31
63 1 1
63 2 2
63 3 3
63 4 4
63 5 5
63 6 6
63 7 7
63 8 10
63 9 11
63 10 12
63 11 13
63 12 8
63 13 14
63 14 15
63 15 16
63 18 23
63 19 21
63 20 22
63 21 18
63 22 19
63 26 17
63 27 24
64 1 1
64 2 1
64 3 2
64 4 6
64 5 7
64 6 8
64 7 15
64 8 19
64 9 15
64 9 16
64 9 17
64 9 18
64 9 19
64 9 20
64 10 21
64 10 22
64 11 23
64 11 24
64 13 25
65 1 1
65 1 2
65 2 3
65 2 4
65 3 5
65 4 6
66 1 2
66 2 3
66 3 1
66 4 9
66 4 10
66 5 8
66 6 6
66 7 7
66 8 11
67 1 3
67 2 4
67 3 5
67 4 6
67 5 7
67 5 8
67 6 9
67 7 11
67 8 12
67 9 13
67 10 15
67 11 14
67 14 16
67 15 17
67 16 18
67 20 19
67 21 20
68 1 1
68 2 2
68 3 3
68 4 4
68 5 6
68 6 1
68 7 8
68 8 7
68 9 9
69 1 1
69 1 2
69 2 3
69 2 4
69 2 5
69 6 9
69 7 6
69 7 7
69 8 10
69 9 19
69 10 20
69 11 21
69 12 14
69 13 15
69 14 17
69 14 18
69 14 16
69 15 13
69 17 22
70 1 2
70 2 3
70 3 1
70 4 4
70 5 5
70 6 6
70 7 7
70 8 8
70 9 8
70 10 8
70 11 10
70 12 11
70 13 9
70 14 9
70 15 12
70 16 13
70 17 1
70 18 14
70 19 18
70 20 15
70 21 15
70 22 17
70 22 16
70 23 19
70 24 20
70 25 25
70 25 20
70 25 24
70 26 21
70 27 22
70 28 23
70 29 26
70 30 27
70 32 28
71 1 1
71 2 2
71 3 3
71 5 4
71 5 5
71 6 4
71 6 5
71 8 1
71 9 2
71 10 3
71 11 7
71 14 11
71 15 10
71 16 13
71 17 12
71 18 19
71 20 24
71 21 20
71 21 21
71 21 22
71 24 26
71 26 28
71 28 30
72 2 5
72 3 1
72 4 1
72 5 6
72 6 7
72 7 8
72 8 9
72 9 10
72 10 2
72 10 3
72 10 4
72 11 4
72 12 4
72 13 11
73 1 2
73 2 4
73 3 5
73 4 3
73 5 3
73 6 6
73 8 8
73 9 9
73 10 11
73 11 12
73 12 13
73 12 14
73 13 15
73 13 16
73 14 17
73 15 18
73 16 19
73 17 20
73 18 7
73 19 7
73 20 21
74 1 4
74 2 5
74 3 1
74 3 2
74 4 3
74 5 6
74 6 5
74 7 7
74 8 8
74 10 11
74 11 12
74 12 12
74 13 9
74 13 10
74 13 12
74 15 13
74 16 14
74 17 14
74 18 16
74 19 18
74 20 18
74 21 18
74 22 18
74 23 17
74 23 15
74 24 19
75 1 1
75 1 2
75 2 3
75 2 6
75 2 7
75 3 4
75 4 5
75 5 8
75 6 9
75 6 10
75 7 11
75 8 12
75 9 13
75 10 14
75 11 15
75 12 16
75 13 17
75 14 18
76 1 1
76 2 2
76 4 3
76 5 3
76 6 4
76 7 7
76 8 7
76 9 6
76 10 5
76 11 8
76 12 9
76 13 3
76 14 10
76 15 12
76 16 11
76 17 13
76 19 14
76 21 15
76 22 16
76 24 17
76 25 18
76 26 20
76 27 21
76 27 24
76 28 19
76 29 22
76 31 23
76 32 23
76 33 23
76 34 25
76 35 26
76 36 27
76 36 28
76 37 29
77 1 2
77 2 2
77 3 3
77 4 5
77 5 4
77 6 5
77 7 1
78 1 1
78 2 6
78 3 7
78 4 2
78 5 3
78 6 5
78 7 4
78 8 4
78 9 6
78 11 8
78 12 9
78 13 10
78 14 11
78 15 13
78 15 14
78 16 16
78 17 17
78 18 15
78 19 12
78 20 18
78 22 20
78 23 21
78 23 22
78 23 23
78 23 24
78 24 26
78 25 27
78 26 28
78 26 29
78 27 25
78 28 30
79 1 5
79 2 6
79 3 12
79 3 13
79 3 14
79 3 7
79 4 9
79 4 8
79 5 10
79 6 2
79 7 1
79 9 3
79 9 4
79 10 2
79 10 11
79 12 20
79 14 21
79 15 22
79 16 23
79 17 26
79 20 27
79 20 28
79 21 25
79 21 24
79 22 29
80 1 1
80 2 2
80 3 3
80 4 4
80 4 5
80 5 6
80 6 7
80 8 8
80 11 10
80 12 11
80 12 12
80 13 13
80 14 14
80 15 15
80 16 16
80 17 17
80 17 18
80 18 9
80 19 19
81 1 1
81 2 2
81 5 8
81 6 9
81 7 5
81 7 6
81 7 7
81 8 3
81 8 4
81 9 3
81 10 10
82 1 1
82 2 8
82 3 3
82 4 3
82 5 4
82 6 5
82 7 6
82 8 7
82 9 7
82 10 7
82 11 10
82 11 11
82 12 9
82 13 13
83 1 1
83 1 2
83 2 4
83 3 4
83 4 3
83 5 5
83 6 6
83 7 7
84 1 1
84 1 2
84 1 3
84 1 4
84 1 5
84 2 7
84 3 6
84 4 9
84 4 10
84 5 11
84 7 12
84 8 13
84 9 14
84 10 13
84 11 13
84 13 7
84 14 8
84 15 15
85 1 1
85 2 2
85 2 3
85 2 4
85 2 5
85 2 6
85 2 7
85 2 8
85 3 9
85 5 10
85 6 11
85 7 14
85 8 12
85 9 13
85 10 14
85 11 17
85 11 18
85 11 15
85 11 16
85 12 2
85 12 3
85 12 4
85 12 5
85 12 6
85 12 19
85 12 20
85 12 21
85 12 22
85 13 23
86 1 1
86 2 2
86 3 3
86 4 4
86 4 5
86 5 6
87 1 1
87 2 2
87 3 3
87 4 4
87 5 6
87 6 5
87 7 7
88 1 1
88 2 2
88 3 3
88 4 4
88 5 5
88 5 6
88 5 14
88 7 7
88 8 8
88 9 9
88 10 10
88 11 11
88 12 12
88 13 13
88 14 15
88 14 16
88 15 17
88 16 5
88 16 14
88 16 6
88 17 18
88 18 24
88 19 25
88 20 22
88 21 19
88 22 20
88 22 21
88 23 26
88 24 26
88 25 27
88 26 31
88 27 31
88 28 32
88 29 33
88 30 34
88 31 35
88 32 36
88 33 29
88 34 30
88 35 28
88 36 37
89 1 2
89 2 1
89 3 5
89 4 3
89 5 3
89 6 4
89 8 6
89 9 12
89 10 7
89 11 9
89 11 10
89 11 11
89 12 9
89 13 12
89 13 13
89 14 8
89 15 14
90 1 1
90 2 2
90 2 3
90 3 4
90 3 5
90 5 6
90 6 4
90 6 5
90 7 7
91 1 2
91 2 6
91 3 6
91 4 7
91 5 8
91 6 9
91 7 10
91 8 11
91 10 1
91 11 3
91 11 4
91 11 5
91 12 12
92 1 1
92 1 2
92 1 3
92 1 4
92 2 7
92 3 6
92 4 8
92 5 9
92 6 10
92 7 11
92 7 12
92 8 13
92 8 14
92 8 15
92 8 16
92 9 17
93 1 2
93 2 3
93 2 4
93 3 1
93 4 6
93 5 10
93 6 7
93 7 9
93 7 8
93 8 5
93 9 5
93 10 11
93 11 12
93 11 13
93 12 14
93 12 15
93 12 16
93 13 14
93 14 17
93 15 19
93 16 18
93 22 21
93 23 22
93 23 23
93 24 24
93 27 25
94 1 1
94 2 2
94 4 3
94 5 4
94 6 6
94 7 7
94 8 5
94 9 8
94 10 10
94 11 12
94 14 15
94 15 15
94 16 15
94 17 16
94 18 14
94 19 18
94 21 19
94 21 20
94 22 21
94 24 19
94 24 20
94 25 22
94 27 32
94 28 34
94 29 36
94 29 37
94 30 38
94 31 33
94 31 31
94 31 32
94 32 39
95 1 1
95 2 2
95 3 3
95 4 5
95 5 4
95 6 5
95 7 11
95 9 12
95 11 10
95 12 13
96 1 1
96 2 2
96 2 3
96 2 4
96 3 2
96 3 3
96 3 5
96 4 6
96 5 7
96 6 8
96 7 10
96 8 12
96 10 13
96 11 16
96 12 18
96 14 19
96 15 23
96 16 23
96 17 25
96 17 24
96 18 26
96 18 27
96 18 28
96 18 29
96 19 20
96 20 20
96 21 20
96 21 21
96 21 22
96 23 14
96 24 15
96 25 15
96 26 30
97 1 1
97 2 2
97 3 3
97 3 4
97 3 5
97 4 3
97 5 4
97 6 4
97 7 6
97 9 7
97 10 8
97 11 9
97 12 10
97 13 11
97 13 12
97 14 13
97 14 14
97 15 15
97 16 17
97 17 17
97 18 16
97 22 20
97 23 20
97 24 21
97 24 22
97 25 23
97 26 18
97 26 19
97 27 19
97 28 24
98 1 1
98 2 2
98 2 3
98 2 4
98 2 5
98 3 6
98 4 7
98 5 10
98 6 11
98 6 12
98 7 13
98 9 14
98 10 15
98 10 16
98 11 9
98 13 17
98 14 18
98 15 20
98 15 21
98 16 19
98 17 24
98 18 25
98 19 23
98 20 22
98 22 26
98 22 27
98 22 28
98 23 30
98 24 30
98 25 29
98 26 31
99 1 1
99 2 2
99 3 2
99 4 2
99 5 3
99 6 3
99 7 4
99 8 5
99 9 9
99 9 10
99 9 11
99 10 12
99 11 13
99 12 14
99 13 12
99 14 15
99 15 17
99 15 16
99 16 18
99 17 8
99 18 8
99 19 6
99 19 7
99 20 20
99 21 19
99 23 21
99 24 27
99 25 28
99 25 29
99 26 30
99 27 33
99 27 31
99 27 32
99 28 34
99 29 35
99 30 36
99 31 37
99 32 38
99 33 22
99 34 25
99 34 26
99 34 22
99 34 23
99 34 24
99 35 39
100 1 1
100 2 2
100 3 3
100 3 4
100 4 6
100 5 7
100 6 8
100 7 9
100 8 5
100 9 10
101 1 1
101 2 5
101 4 3
101 5 4
101 6 5
101 8 6
101 9 7
101 10 9
101 10 8
101 11 10
101 12 12
101 13 11
101 14 13
102 3 1
102 3 2
102 3 3
102 4 4
102 5 5
102 5 6
102 6 7
102 7 7
102 8 9
102 9 10
102 11 11
102 12 14
102 12 15
102 13 13
102 14 12
102 15 16
103 1 1
103 2 2
103 3 3
103 4 4
103 5 5
103 6 6
103 7 7
103 8 8
104 1 1
104 2 2
104 2 3
104 2 4
104 3 5
104 4 6
104 5 7
104 6 8
104 8 9
104 8 10
104 8 11
104 9 12
104 11 14
104 12 20
104 13 20
104 14 21
104 14 22
104 15 17
104 16 18
104 17 19
104 18 15
104 19 13
104 19 15
104 20 23
105 1 1
105 2 2
105 3 3
105 4 4
105 5 5
105 6 6
105 7 7
106 1 1
106 2 9
106 2 10
106 2 8
106 4 12
106 5 13
106 6 3
106 6 4
106 6 5
106 7 6
106 8 7
106 9 14
106 10 15
106 13 20
106 13 21
106 14 22
106 15 22
106 16 22
106 17 22
106 18 23
106 19 25
106 19 24
106 20 26
106 22 16
106 23 17
106 24 18
106 25 27
107 1 1
107 2 12
107 3 11
107 4 2
107 5 3
107 7 4
107 8 5
107 9 6
107 10 7
107 11 9
107 11 10
107 11 8
107 12 13
107 13 14
108 1 1
108 2 2
108 3 2
108 4 3
108 5 4
108 8 5
108 9 6
108 10 3
108 12 7
109 3 3
109 6 1
109 7 2
109 9 5
109 9 6
109 10 7
109 11 7
109 12 7
109 13 4
109 15 8
109 16 9
109 17 12
109 17 13
109 18 14
109 19 15
109 20 17
109 21 18
109 23 10
109 24 10
109 25 19
109 26 20
109 28 24
109 29 21
109 30 22
109 31 24
109 32 24
109 33 25
110 1 1
110 3 2
110 4 3
110 6 4
110 7 5
110 8 5
110 9 7
110 10 8
110 11 6
110 11 8
110 13 9
110 14 10
110 15 10
110 16 12
110 17 13
110 18 11
110 20 14
110 21 15
110 22 17
110 23 18
110 24 18
110 25 18
110 26 19
110 27 20
110 28 17
110 28 16
110 29 21
111 1 1
111 2 2
111 3 6
111 4 7
111 5 5
111 6 3
111 6 4
111 7 3
111 7 4
111 8 8
111 9 8
111 10 9
111 11 12
111 12 13
111 13 14
111 14 15
111 15 16
111 16 10
111 16 11
111 18 17
111 19 18
111 20 18
111 21 18
111 22 18
111 23 18
111 24 19
111 25 19
111 26 20
111 27 21
111 28 22
112 1 7
112 1 8
112 4 10
112 5 11
112 6 6
112 11 4
112 12 2
112 13 12
112 14 13
112 20 25
112 20 26
112 33 28
113 1 1
113 1 2
113 1 3
113 1 4
113 2 5
113 3 6
113 4 1
113 4 2
113 4 3
113 4 4
113 5 7
113 7 9
113 8 8
113 9 14
113 10 14
113 10 15
113 11 11
113 11 12
113 11 13
113 12 17
113 12 18
113 12 16
113 13 20
113 14 21
113 14 22
113 15 23
113 16 25
113 16 24
113 17 26
113 18 27
113 19 28
113 20 10
113 21 29
114 1 1
114 2 2
114 3 2
114 4 3
114 5 4
114 5 5
114 5 6
114 6 7
114 7 6
114 8 6
115 1 1
115 1 2
115 2 10
115 3 4
115 4 5
115 5 6
115 6 7
115 7 8
115 8 9
115 9 16
115 10 12
115 11 13
115 11 14
115 11 15
115 12 17
115 13 18
115 14 19
115 14 16
115 15 20
115 15 21
115 16 22
115 17 11
115 18 23
116 2 2
116 2 6
116 2 7
116 2 8
116 2 9
116 2 10
116 3 1
116 4 4
116 5 2
116 5 6
116 5 7
116 5 8
116 5 9
116 5 10
116 6 11
116 7 11
116 8 12
116 9 13
116 10 15
116 10 16
116 11 14
116 13 19
116 14 17
116 15 18
116 16 20
116 17 21
116 18 2
116 18 6
116 19 24
116 20 25
116 21 23
116 22 26
116 25 27
116 27 28
116 27 29
116 28 30
116 28 31
116 30 34
116 30 32
116 31 33
116 32 35
117 1 1
117 1 2
117 1 3
117 1 4
117 2 12
117 3 6
117 4 7
117 5 8
117 6 9
117 7 10
117 8 11
117 9 14
117 10 15
117 11 17
117 11 16
117 12 19
117 14 18
117 15 18
117 16 13
117 17 20
118 1 1
118 2 4
118 3 2
118 3 3
118 4 5
118 5 5
118 6 6
118 7 9
118 7 8
118 8 10
118 9 7
118 10 10
118 11 10
118 12 11
118 13 12
118 14 13
118 15 14
119 1 2
119 1 3
119 1 4
119 1 5
119 2 6
119 4 7
119 5 8
119 6 9
119 7 10
119 8 12
119 9 13
119 10 14
119 11 18
119 12 19
119 13 17
119 13 15
119 13 16
119 14 20
119 15 21
119 16 22
119 17 23
119 17 24
119 18 25
119 19 26
119 20 27
120 2 10
120 3 1
120 4 2
120 5 3
120 6 4
120 7 5
120 8 6
120 8 7
120 9 8
120 10 9
120 11 11
120 12 12
121 1 1
121 2 2
121 3 4
121 3 5
121 3 6
121 4 3
121 5 7
121 6 8
122 1 7
122 2 8
122 3 9
122 3 5
122 3 6
122 4 9
122 5 10
122 6 12
122 7 13
122 8 14
122 9 15
122 10 16
122 11 17
122 12 18
122 13 19
122 13 20
122 14 21
122 15 22
122 16 23
122 17 24
122 18 25
122 19 26
122 19 27
122 20 28
122 20 29
122 22 30
122 23 31
122 24 33
122 25 32
122 26 34
122 27 35
123 1 3
123 2 4
123 3 5
123 3 6
123 4 7
123 5 8
123 8 9
123 10 11
123 11 12
123 13 13
123 14 14
123 15 10
123 16 10
123 18 2
123 19 1
123 20 15
123 21 16
123 22 17
123 23 18
123 24 19
123 25 20
123 25 21
123 27 22
123 28 25
123 30 26
123 31 27
123 32 28
123 32 29
123 33 24
123 34 23
123 35 30
124 1 1
124 1 4
124 1 5
124 2 2
124 3 3
124 5 8
124 6 6
124 6 7
124 9 9
124 10 10
124 11 11
124 11 12
124 12 15
124 13 13
124 13 14
124 13 16
124 14 17
125 1 1
125 2 2
125 3 3
125 6 4
125 7 5
125 8 7
125 9 8
126 1 3
126 2 1
126 3 4
126 3 5
126 4 6
126 5 7
126 6 9
126 6 8
126 7 12
126 9 10
126 10 11
126 11 13
127 1 2
127 1 3
127 1 4
127 2 1
127 3 5
127 4 6
127 4 7
127 5 9
127 5 8
127 6 10
127 6 11
127 7 12
127 8 13
127 9 14
127 12 17
127 12 15
127 12 16
127 13 17
127 14 18
127 14 19
127 15 20
127 16 21
127 16 22
127 17 23
127 18 27
127 19 24
127 20 28
127 21 29
127 22 30
127 22 31
127 23 32
127 24 33
127 25 34
127 26 35
128 1 1
128 2 2
128 3 7
128 4 8
128 5 9
128 6 3
128 7 5
128 7 6
128 8 4
128 10 10
128 11 10
128 12 11
128 12 12
128 13 13
128 14 17
128 15 15
128 16 17
128 16 16
128 17 14
128 18 18
129 1 2
129 2 3
129 3 4
129 4 5
129 5 6
129 6 7
129 7 12
129 9 9
129 9 10
129 9 11
129 10 13
129 11 14
129 12 12
129 13 15
130 1 1
130 2 2
130 3 3
131 1 1
131 2 2
131 3 2
131 4 10
131 5 9
131 5 8
131 6 5
131 6 6
131 7 13
131 8 14
131 9 16
131 10 17
131 13 18
131 14 12
131 15 11
131 16 19
132 1 1
132 2 2
132 3 3
132 4 4
132 4 5
132 5 6
132 6 9
132 6 10
132 6 7
132 6 8
132 7 6
132 9 11
132 10 12
132 11 14
132 12 13
132 13 15
132 14 16
132 15 17
132 16 18
132 17 19
132 18 19
132 19 22
132 20 23
132 21 24
132 22 25
132 23 26
132 24 21
132 25 20
132 26 27
133 1 1
133 2 2
133 3 3
133 4 4
133 5 5
133 6 7
133 7 9
133 8 10
133 9 11
133 10 12
133 11 12
133 12 8
133 14 13
133 15 17
133 15 18
133 16 22
133 17 23
133 18 24
133 19 19
133 19 20
133 20 14
133 20 15
133 20 16
133 21 25
134 1 1
134 2 2
134 3 3
134 4 6
134 4 7
134 4 8
134 5 5
134 6 4
134 7 9
134 8 10
135 1 3
135 2 2
135 2 6
135 3 1
135 4 5
135 5 10
135 6 11
135 7 12
135 8 13
135 9 4
135 10 14
135 11 15
135 12 7
135 13 9
135 13 8
135 14 17
135 14 18
135 14 19
135 14 16
135 15 20
136 1 1
136 2 2
136 3 3
136 5 5
136 6 5
136 7 5
136 9 7
136 10 9
136 10 8
136 11 12
136 12 13
136 13 14
136 14 14
136 15 15
136 16 16
136 17 11
136 18 10
136 19 17
137 1 1
137 2 2
137 5 6
137 6 8
137 8 5
137 12 11
137 13 13
137 14 14
137 15 16
137 16 18
137 17 20
137 17 21
137 17 22
137 17 23
137 18 20
137 18 21
137 18 22
137 18 23
137 19 24
137 20 25
137 21 26
137 22 27
137 23 28
137 24 29
137 25 31
137 28 33
137 30 10
137 32 35
137 34 38
137 35 36
137 35 37
137 35 39
137 36 40
138 1 1
138 1 3
138 1 4
138 1 5
138 2 2
138 5 6
138 6 10
138 6 7
138 7 7
138 8 8
138 9 9
138 10 11
138 14 17
138 14 14
138 14 16
138 15 15
138 16 13
138 17 12
138 18 19
138 19 20
138 20 18
138 21 21
138 22 22
138 23 22
138 24 22
138 25 22
138 26 24
138 27 23
138 28 24
138 29 27
138 30 28
138 31 31
138 32 30
138 33 29
138 34 25
138 34 26
138 34 27
138 35 25
138 36 32
139 1 4
139 2 5
139 3 5
139 4 3
139 5 8
139 6 9
139 7 12
139 8 6
139 9 7
139 10 10
139 11 13
139 12 11
139 15 17
139 16 18
139 17 19
139 17 21
139 18 20
139 18 22
139 19 16
139 20 15
139 21 14
139 22 23
139 23 24
139 24 25
139 25 27
139 27 32
139 28 33
139 29 34
139 30 35
139 31 36
139 32 37
139 33 38
139 35 30
139 36 29
139 37 30
139 37 31
139 38 28
139 39 27
139 40 39
140 1 1
140 2 3
140 3 4
140 4 5
140 5 5
140 6 8
140 7 7
140 9 9
140 9 10
140 10 11
141 1 1
141 1 2
141 1 3
141 3 4
141 5 7
141 6 8
141 7 9
141 9 6
141 11 10
141 13 12
141 13 13
141 14 14
141 15 15
141 16 16
141 17 18
141 18 17
141 19 19
141 20 11
141 21 20
142 4 2
142 6 5
142 7 7
142 8 8
142 9 9
142 10 10
142 11 11
142 12 12
142 13 13
142 14 14
143 1 1
143 2 2
143 3 3
143 3 4
143 4 5
143 5 6
143 6 2
143 8 8
143 10 9
143 10 10
143 11 11
143 12 12
143 13 13
143 14 14
143 14 15
143 15 17
143 15 18
143 15 16
143 16 19
143 17 20
143 18 21
143 19 22
143 20 23
143 21 24
143 22 7
143 23 25
144 1 2
144 2 3
144 3 3
144 4 4
144 5 12
144 5 11
144 5 4
144 5 5
144 6 6
144 7 7
144 8 9
144 9 10
144 10 3
144 11 13
144 17 18
144 19 17
144 21 21
145 1 1
145 2 2
145 3 2
145 4 12
145 5 13
145 5 14
145 6 15
145 7 7
145 8 8
145 9 9
145 10 10
145 11 11
145 12 5
145 12 6
145 13 4
145 14 3
145 15 16
145 16 18
145 16 19
145 17 23
145 18 23
145 19 24
145 20 24
145 26 20
145 26 21
145 27 22
145 29 19
145 30 25
146 1 1
146 2 2
146 3 3
146 4 4
146 4 5
146 5 6
146 6 7
146 7 9
146 7 8
146 8 11
146 8 12
146 8 13
146 9 14
146 10 22
146 11 23
146 12 24
146 13 25
146 14 15
146 15 17
146 15 16
146 16 18
146 17 26
147 1 5
147 2 6
147 3 7
147 3 8
147 3 9
147 3 10
147 3 11
147 3 12
147 3 13
147 4 1
147 5 2
147 6 3
147 7 14
147 8 15
147 9 16
147 10 17
147 10 18
147 11 19
147 11 20
147 11 21
147 12 22
148 1 2
148 2 3
148 3 6
148 4 1
148 5 4
148 6 7
148 7 5
148 9 7
148 10 15
148 11 16
148 12 17
148 13 18
148 14 11
148 15 12
148 15 13
148 15 14
148 16 10
148 17 9
148 18 19
149 1 1
149 2 1
149 3 2
149 3 3
149 3 4
149 4 5
149 5 6
149 6 7
149 7 8
149 8 9
149 9 10
149 10 10
149 11 11
149 12 12
149 13 13
149 14 14
149 15 9
149 17 17
149 18 18
149 19 19
149 20 15
149 21 16
149 22 20
150 1 1
150 2 2
150 4 3
150 5 4
150 6 6
150 6 7
150 7 5
150 8 13
150 9 14
150 10 15
150 10 16
150 11 10
150 11 11
150 12 12
150 13 9
150 14 8
150 15 17
151 1 1
151 2 2
151 3 3
151 3 4
151 4 5
151 5 9
151 5 7
151 5 8
151 6 10
151 7 11
151 8 12
151 9 13
151 10 14
151 11 15
151 12 16
151 13 17
151 13 18
151 14 6
151 15 19
151 16 20
151 18 21
151 19 22
151 20 23
151 20 24
151 22 26
151 23 30
151 23 31
151 24 27
151 24 28
151 24 29
151 25 25
151 26 32
152 1 1
152 2 2
152 3 3
152 4 4
152 5 5
152 6 6
152 7 9
152 8 7
152 8 8
152 9 2
152 10 10
153 1 1
153 2 2
153 6 4
153 7 5
153 8 6
153 9 7
153 9 8
153 10 9
153 10 10
153 10 11
153 11 3
153 12 12
153 13 13
153 14 14
153 15 15
153 16 17
153 16 16
153 17 18
153 18 19
153 19 25
153 19 24
153 20 26
153 21 28
153 22 29
153 23 21
153 24 22
153 25 20
153 26 30
154 1 1
154 2 2
154 3 3
154 5 4
154 7 5
154 8 6
154 9 10
154 11 11
154 11 12
154 12 8
154 13 9
154 14 7
154 16 13
154 17 14
154 19 14
154 20 15
154 20 16
154 21 17
154 22 18
154 23 20
154 24 21
154 25 22
154 26 19
154 27 23
155 1 1
155 2 2
155 3 2
155 5 5
155 5 6
155 6 7
155 7 9
155 7 8
155 8 10
155 8 11
155 9 12
155 10 13
155 11 14
155 13 15
155 14 18
155 14 19
155 14 20
155 14 21
155 15 16
155 16 16
155 17 22
156 1 1
156 2 2
156 3 3
156 4 6
156 5 7
156 6 8
156 7 9
156 8 10
156 8 11
156 9 4
156 10 5
156 11 12
157 3 7
157 4 8
157 5 5
157 5 6
157 8 9
157 8 10
157 10 1
157 10 2
157 10 3
157 11 12
157 12 13
157 12 14
157 14 4
157 15 4
157 17 16
157 18 17
157 19 18
157 20 15
157 21 15
157 22 15
157 23 19
157 24 21
157 25 22
157 25 23
157 26 20
157 27 24
158 1 1
158 2 1
158 3 2
158 3 3
158 4 4
158 5 5
159 1 1
159 2 8
159 3 9
159 4 4
159 5 5
159 6 6
159 7 2
159 7 3
159 8 10
159 9 13
159 10 12
159 11 11
159 11 12
159 12 17
159 13 18
159 14 19
159 15 15
159 16 15
159 17 14
159 18 20
160 1 1
160 2 2
160 3 3
160 4 4
160 6 4
160 7 6
160 8 9
160 9 7
160 10 9
160 10 8
160 11 5
160 12 10
160 13 12
160 14 13
160 15 11
160 16 17
160 17 18
160 18 19
160 18 20
160 19 21
160 20 14
160 21 15
160 21 16
160 23 22
160 24 23
160 25 24
160 26 25
160 26 26
160 27 27
160 27 28
160 28 31
160 28 7
160 29 29
160 30 30
160 31 32
161 1 1
161 1 4
161 2 2
161 3 7
161 4 8
161 5 9
161 7 3
161 8 5
161 8 6
161 9 10
161 10 13
161 11 14
161 12 15
161 13 15
161 14 16
161 15 17
161 16 18
161 17 11
161 17 12
161 18 19
161 19 21
161 19 22
161 20 23
161 20 24
161 21 20
161 22 25
162 1 1
162 2 3
162 3 6
162 4 7
162 5 2
162 6 4
162 7 3
162 9 17
162 9 16
162 10 12
162 12 13
162 12 14
162 12 15
162 13 8
162 14 9
162 15 10
162 16 11
162 18 18
162 18 19
162 19 20
162 20 21
162 21 22
162 21 23
162 22 26
162 23 27
162 24 28
162 25 29
162 25 30
162 26 31
162 27 25
162 28 24
162 30 32
162 31 33
162 31 35
162 32 34
162 33 36
163 1 1
163 2 2
163 3 3
163 4 5
163 5 4
163 6 6
164 1 1
164 2 5
164 2 6
164 3 2
164 4 3
164 4 4
164 5 8
164 6 9
164 8 12
164 9 13
164 11 10
164 11 11
164 12 15
164 13 17
164 13 16
164 14 18
164 15 14
164 16 19
165 1 8
165 2 9
165 3 10
165 4 11
165 4 12
165 5 2
165 5 3
165 9 4
165 12 5
165 13 5
165 15 13
165 15 14
165 16 13
165 16 14
165 17 13
165 17 14
165 18 6
165 19 15
165 20 17
165 20 18
165 20 19
165 20 16
165 21 29
165 21 30
165 21 31
165 22 27
165 23 27
165 24 27
165 25 20
165 25 21
165 25 22
165 26 23
165 27 24
165 28 25
165 28 26
165 28 28
165 29 28
165 30 32
166 1 4
166 2 2
166 3 1
166 5 7
166 6 8
166 7 10
166 8 11
166 9 12
166 9 13
166 10 14
166 12 15
166 13 16
166 14 17
166 15 20
166 17 18
166 18 18
166 19 21
166 20 22
166 21 23
166 22 19
166 23 24
167 6 1
167 6 2
167 6 3
167 7 4
167 9 10
167 9 11
167 9 12
167 9 13
167 9 14
167 9 15
167 10 6
167 11 5
167 12 7
167 12 8
167 13 9
167 14 16
167 15 20
167 16 22
167 18 21
167 19 23
168 2 5
168 3 1
168 5 7
168 6 8
168 7 9
168 8 10
168 9 11
168 10 12
168 11 13
168 11 14
168 12 15
168 13 16
168 14 17
168 15 18
168 16 19
168 17 20
168 18 21
168 18 22
168 19 23
168 20 24
168 21 25
168 22 27
168 23 27
168 24 28
168 24 29
168 24 30
168 25 31
168 26 32
168 28 33
168 29 37
168 29 38
168 29 39
168 32 35
168 33 34
168 33 36
168 35 40
169 1 1
169 2 3
169 3 2
169 4 4
169 4 5
169 5 6
169 5 7
169 5 8
169 6 9
170 1 3
170 2 2
170 2 3
170 3 1
170 5 6
170 6 7
170 7 5
170 8 4
170 9 5
170 11 8
170 12 9
170 13 19
170 14 17
170 15 18
170 16 14
170 17 15
170 18 16
170 19 12
170 19 13
170 20 10
170 20 11
170 21 20
171 1 2
171 1 3
171 2 1
171 3 4
171 4 5
171 4 6
171 4 7
171 6 11
171 7 12
171 8 13
171 9 14
171 10 15
171 11 16
171 12 17
171 13 18
171 14 19
171 14 20
171 15 21
171 16 22
171 17 23
171 18 24
171 19 24
171 20 25
171 20 26
171 21 9
171 21 10
171 21 8
171 22 27
172 1 9
172 1 8
172 2 1
172 2 2
172 4 13
172 5 12
172 7 4
172 7 5
172 14 14
172 14 15
172 14 16
172 16 20
172 17 21
172 18 22
172 19 23
172 19 24
172 20 25
172 23 26
172 24 27
172 25 28
172 25 29
172 26 30
172 27 31
172 28 32
172 29 33
172 29 34
172 29 35
172 31 7
172 32 36
173 1 4
173 2 5
173 3 6
173 4 7
173 5 2
173 6 2
173 8 8
173 9 9
173 10 11
173 10 12
173 11 21
173 12 13
173 13 14
173 13 15
173 14 16
173 15 17
173 16 18
173 16 19
173 17 10
173 18 22
174 1 1
174 2 3
174 2 4
174 3 11
174 4 5
174 5 9
174 5 10
174 5 8
174 6 6
174 6 7
174 7 12
175 1 2
175 2 1
175 2 3
175 2 4
175 3 3
175 4 5
175 4 6
175 5 7
175 7 8
175 8 9
175 9 10
175 10 11
175 12 12
175 13 12
175 15 14
175 16 15
175 17 16
175 18 17
175 19 18
175 20 13
175 21 13
175 22 19
175 23 22
175 24 23
175 25 20
175 25 21
175 26 24
175 27 26
175 28 27
175 29 28
175 30 29
175 31 30
175 32 31
175 33 25
175 34 32
176 1 1
176 2 2
176 4 3
176 5 3
176 6 3
176 7 4
176 8 3
176 10 5
176 11 6
176 12 7
176 13 8
177 1 1
177 2 2
177 3 5
177 4 6
177 5 3
177 6 4
177 7 8
177 8 9
177 9 7
177 10 10
177 11 11
177 12 13
177 13 14
177 14 16
177 15 17
177 16 18
177 17 15
177 18 19
178 1 1
178 2 2
178 3 4
178 4 5
178 5 6
178 6 13
178 7 14
178 10 10
178 11 11
178 12 12
178 14 9
178 14 8
178 16 16
178 17 17
178 18 17
178 19 19
178 19 20
178 20 17
178 21 18
178 22 -99
179 2 1
179 3 2
179 4 4
179 5 3
179 8 5
179 10 7
179 10 8
179 11 9
179 12 10
179 13 10
179 14 6
179 15 6
179 16 11
179 17 12
179 18 13
179 19 16
179 20 14
179 21 15
179 22 17
179 22 18
179 24 19
179 25 20
179 26 22
179 27 23
179 28 24
179 29 25
179 30 26
179 31 27
179 31 28
179 31 29
179 33 21
179 34 30
180 1 5
180 2 4
180 4 6
180 5 7
180 6 7
180 8 8
180 9 9
180 10 2
180 11 1
180 12 3
180 13 3
180 14 3
180 17 11
180 18 12
180 19 15
180 20 16
180 21 17
180 21 18
180 22 19
180 23 20
180 23 21
180 24 14
180 26 22
180 27 23
180 28 24
180 29 25
180 30 27
180 31 26
180 32 29
180 33 30
180 34 33
180 34 31
180 34 32
180 35 34
180 36 35
180 37 36
180 38 37
181 1 1
181 2 2
181 3 3
181 4 4
181 5 5
181 6 6
182 1 1
182 1 2
182 1 3
182 1 4
182 2 7
182 3 7
182 4 8
182 5 9
182 6 5
182 7 5
182 7 6
182 8 15
182 9 13
182 10 14
182 11 11
182 13 12
182 14 16
182 15 17
182 16 18
182 17 19
182 18 20
182 19 21
182 19 22
182 20 23
182 21 24
182 22 25
182 23 26
182 24 27
182 25 27
182 26 29
182 27 30
182 28 31
182 28 32
182 29 28
182 31 33
183 1 1
183 2 3
183 3 3
183 5 11
183 6 12
183 7 13
183 8 15
183 9 9
183 9 5
183 9 6
183 9 7
183 9 8
183 10 14
183 11 16
184 1 4
184 1 5
184 2 6
184 4 1
184 5 2
184 8 7
184 9 9
184 9 12
184 10 13
184 11 11
184 12 10
184 13 8
184 14 14
185 1 2
185 2 1
185 3 3
185 4 4
185 5 5
185 7 6
185 8 11
185 9 11
185 10 9
185 10 10
185 10 7
185 10 8
185 11 13
185 12 14
185 13 16
185 14 17
185 15 18
185 16 22
185 17 22
185 18 19
185 18 20
185 18 21
185 19 20
185 20 15
185 21 12
185 22 20
185 23 23
186 1 1
186 2 2
186 3 3
186 4 5
186 4 6
186 5 10
186 6 11
186 7 12
186 8 13
186 9 14
186 10 15
186 11 16
186 12 9
186 13 8
186 15 18
186 16 19
186 16 20
186 17 21
186 18 17
186 18 23
186 19 25
186 20 26
186 21 25
186 22 27
187 1 1
187 2 2
187 6 3
187 6 4
187 8 5
187 9 6
187 10 8
187 11 9
187 12 10
187 13 11
187 14 7
187 15 7
187 17 11
187 19 13
187 20 14
187 21 12
187 22 12
187 23 12
187 24 15
188 1 1
188 2 3
188 2 4
188 4 2
188 5 5
188 5 6
188 6 8
188 7 9
188 8 10
188 9 7
188 11 11
188 13 15
188 15 12
188 16 13
188 17 14
188 18 16
188 20 17
188 21 18
188 22 19
188 23 22
188 24 20
188 24 21
188 26 24
188 27 25
188 28 25
188 29 25
188 30 26
188 31 29
188 34 25
188 35 27
188 36 28
188 38 30
189 1 1
189 2 2
189 3 16
189 4 4
189 5 5
189 7 6
189 7 7
189 7 8
189 7 9
189 7 10
189 7 11
189 8 12
189 9 13
189 10 14
189 10 15
189 11 18
189 12 19
189 13 17
189 14 20
189 15 21
189 16 22
189 16 23
189 17 24
189 18 25
189 19 25
189 20 25
189 21 25
189 22 25
189 23 26
190 1 1
190 2 2
190 3 4
190 5 9
190 5 5
190 5 6
190 5 8
190 6 7
190 7 10
190 8 12
190 9 13
190 10 14
190 12 15
190 14 16
190 15 17
190 16 18
190 17 19
190 18 20
190 18 22
190 19 21
190 20 23
190 21 23
190 22 24
191 1 1
191 2 2
191 4 3
191 5 4
191 6 5
191 7 6
191 9 6
191 11 7
191 13 11
191 14 12
191 15 13
191 16 9
191 16 10
191 17 14
191 18 19
191 19 16
191 21 15
191 24 20
191 25 21
191 25 22
191 26 18
191 27 28
191 28 25
191 28 26
191 28 27
191 29 25
191 29 26
191 29 27
191 30 29
191 31 30
191 32 31
191 33 24
191 34 32
192 5 5
192 6 6
192 6 7
192 8 10
192 14 11
192 14 13
192 14 8
192 16 9
192 18 14
192 19 17
192 19 15
192 20 16
192 21 12
192 22 12
192 25 4
192 26 1
192 27 2
192 28 3
192 29 19
193 1 1
193 2 2
193 3 3
193 5 4
193 6 4
193 7 3
193 8 3
193 9 5
194 1 1
194 1 2
194 2 3
194 2 4
194 3 5
194 4 6
194 5 7
194 5 8
194 6 9
194 7 10
194 8 11
194 9 12
195 1 1
195 2 2
195 3 3
195 4 4
195 5 5
195 6 8
195 7 7
195 8 10
195 9 10
195 10 11
195 11 9
195 12 12
196 1 3
196 2 1
196 2 2
196 2 4
196 2 5
196 2 6
196 3 7
196 4 8
196 5 9
196 6 10
196 9 11
196 10 12
196 11 13
196 12 14
197 1 17
197 3 11
197 4 12
197 5 13
197 6 14
197 6 15
197 6 16
197 7 7
197 8 8
197 9 9
197 10 2
197 11 5
197 12 6
197 13 4
197 14 3
197 15 18
198 1 1
198 2 1
198 2 2
198 3 3
198 4 4
198 5 4
198 6 5
199 1 1
199 1 2
199 1 3
199 1 4
199 2 7
199 2 8
199 3 6
199 4 5
199 5 9
199 7 10
199 8 11
199 8 12
199 9 13
199 10 14
199 11 15
199 12 29
199 13 30
199 14 28
199 17 16
199 18 20
199 18 21
199 19 22
199 20 23
199 21 24
199 22 25
199 23 19
199 24 17
199 24 18
199 25 31
200 1 1
200 2 2
200 3 3
200 4 3
200 5 3
200 6 4
200 7 6
200 7 7
200 8 8
200 9 9
200 9 5
200 10 10
200 11 11
200 12 12
200 13 13
200 14 14
200 15 15
200 15 16
200 16 17
200 17 18
200 18 19
200 19 20
200 20 18
200 21 21
200 22 22
200 23 23
200 24 24
200 25 25
200 26 26
200 27 27
200 28 28
200 29 28
200 30 28
200 31 28
200 32 29
200 33 30
201 6 11
201 7 12
201 19 33
201 19 25
201 19 26
201 19 27
201 19 28
201 19 29
201 19 30
201 19 31
201 19 32
201 22 34
202 1 1
202 2 2
202 3 3
202 4 6
202 5 6
202 6 7
202 7 8
202 8 4
202 9 9
202 15 11
202 15 12
202 16 13
202 17 14
202 18 16
202 19 17
202 19 18
202 20 19
202 21 20
202 22 20
202 23 25
202 24 26
202 24 27
202 24 28
202 24 29
202 25 23
202 25 24
202 26 21
202 27 21
202 28 30
203 1 5
203 2 6
203 3 7
203 4 2
203 4 3
203 4 4
203 5 1
203 6 8
203 7 9
203 8 10
203 9 11
203 10 12
203 11 13
203 12 14
203 13 15
203 14 15
203 15 15
203 16 16
203 17 17
203 17 18
203 17 19
203 18 25
203 18 26
203 18 23
203 18 24
203 19 20
203 20 22
203 21 21
203 22 27
204 1 1
204 2 2
204 2 3
204 3 4
204 3 5
204 4 6
204 4 7
204 5 8
204 6 9
204 6 10
204 6 11
204 8 13
204 9 14
204 11 15
204 12 18
204 14 19
204 15 20
204 16 21
204 17 17
204 17 16
204 19 23
204 20 24
204 21 25
204 21 26
204 22 27
204 23 28
204 24 29
204 25 30
204 25 31
204 26 32
205 1 4
205 2 2
205 3 3
205 4 1
205 5 5
205 6 6
205 7 7
205 8 8
205 9 9
205 10 10
205 11 11
205 12 12
205 13 13
205 14 15
205 15 14
205 16 15
205 17 15
205 18 16
206 1 1
206 2 2
206 3 3
206 4 11
206 14 10
206 16 15
207 1 5
207 1 6
207 2 2
207 2 4
207 3 1
207 4 3
207 6 7
207 6 8
207 7 9
207 8 10
207 9 11
207 10 13
207 11 15
207 12 16
207 13 17
207 14 18
207 15 14
207 16 12
207 17 19
208 1 1
208 1 2
208 2 3
208 3 4
208 4 5
208 5 6
208 5 7
208 6 7
208 7 7
209 1 1
209 2 2
209 3 3
209 3 4
209 3 5
209 4 9
209 4 10
209 4 6
209 4 7
209 4 8
209 5 15
209 6 16
209 7 17
209 8 18
209 9 19
209 10 20
209 11 21
209 11 22
209 12 12
209 13 13
209 13 14
209 14 11
209 15 11
209 16 23
210 1 1
210 2 2
210 2 3
210 2 4
210 5 5
210 6 6
210 7 7
210 8 12
210 9 9
210 9 10
210 9 11
210 9 8
210 10 13
210 12 19
210 13 19
210 14 19
210 16 16
210 17 19
210 18 17
210 18 18
210 19 20
211 1 2
211 2 3
211 3 1
211 4 4
211 5 5
211 6 6
211 7 7
211 8 8
211 9 9
211 11 10
211 12 11
211 13 12
211 14 13
211 16 14
211 17 19
211 18 16
211 19 17
211 19 18
211 19 19
211 19 15
211 21 22
211 22 23
211 23 25
211 23 24
211 24 20
211 24 21
211 26 25
211 27 26
211 28 27
211 29 27
211 30 28
212 1 1
212 3 1
212 4 5
212 5 6
212 6 3
212 8 2
212 8 4
212 9 7
212 10 8
212 11 9
212 11 10
212 11 8
212 12 11
212 13 12
212 14 13
212 15 18
212 16 19
212 17 19
212 18 20
212 19 15
212 20 16
212 21 17
212 22 14
212 23 21
213 1 1
213 1 2
213 2 5
213 3 4
213 4 3
213 5 4
213 6 6
213 7 7
213 8 8
213 9 9
213 10 10
213 11 11
213 12 12
213 13 13
213 15 15
213 16 14
213 17 16
213 18 17
213 18 18
213 18 19
213 18 20
213 19 21
214 1 1
214 2 2
214 3 5
214 4 3
214 5 6
214 6 9
214 7 10
214 8 11
214 9 12
214 10 13
214 10 14
214 11 17
214 11 18
214 11 16
214 12 19
214 13 20
214 14 7
214 15 8
214 16 21
215 1 4
215 2 5
215 3 6
215 4 10
215 4 11
215 4 12
215 4 13
215 5 9
215 6 7
215 7 8
215 8 14
215 9 15
215 10 16
215 11 16
215 12 17
215 13 18
215 14 19
215 15 20
215 16 21
215 16 22
215 17 23
215 17 24
215 18 25
215 19 26
215 20 1
215 20 2
215 21 5
215 22 27
216 1 1
216 2 2
216 3 4
216 4 9
216 4 5
216 6 10
216 7 11
216 9 12
216 10 13
216 10 14
216 10 15
216 11 17
216 12 19
216 12 20
216 14 22
216 15 23
216 16 24
216 18 25
216 19 29
216 19 30
216 19 31
216 20 32
216 22 33
216 23 34
216 24 28
216 25 26
216 25 27
216 27 21
216 28 38
217 1 1
217 2 2
217 2 3
217 3 4
218 1 1
218 2 2
218 3 3
218 4 7
218 5 7
218 6 8
218 7 12
218 7 13
218 7 14
218 7 15
218 7 16
218 8 4
218 8 5
218 8 6
218 9 10
218 10 11
218 11 9
218 12 9
218 13 17
219 1 1
219 1 2
219 1 3
219 2 4
219 2 5
219 3 7
219 4 8
219 5 9
219 6 10
219 7 13
219 8 14
219 9 15
219 10 15
219 11 12
219 12 11
219 13 6
219 14 16
219 15 20
219 15 21
219 16 17
219 16 18
219 17 19
219 18 19
219 19 25
219 20 22
219 21 23
219 21 24
219 22 26
220 1 1
220 2 2
220 3 4
220 4 5
220 5 3
220 6 6
220 7 7
220 8 8
220 9 9
220 11 10
220 12 10
220 13 11
220 14 14
220 15 14
220 16 14
220 17 14
220 19 14
220 20 18
220 21 19
220 21 20
220 22 16
220 23 16
220 25 12
220 25 13
220 26 12
220 26 13
220 27 21
221 1 1
221 2 2
221 3 3
221 4 6
221 5 4
221 6 5
221 7 7
221 8 13
221 9 14
221 10 12
221 11 9
221 11 10
221 11 11
221 11 8
221 12 16
221 13 16
221 14 16
221 15 17
221 15 18
221 16 19
221 17 20
221 17 21
221 18 22
221 18 23
221 19 24
221 20 25
221 21 26
221 22 27
221 23 28
221 24 29
221 25 31
221 26 30
221 27 32
222 1 1
222 2 2
222 2 3
222 3 2
222 3 3
222 4 2
222 4 3
222 5 4
222 6 5
222 7 5
222 8 6
222 9 7
222 10 8
222 11 9
222 12 10
222 12 11
222 13 10
222 13 11
222 14 10
222 14 11
222 16 12
222 17 13
222 18 14
222 19 15
222 19 16
222 20 17
222 21 19
222 22 26
222 23 26
222 24 26
222 25 18
222 27 21
222 28 22
222 29 23
222 30 24
222 31 27
223 1 1
223 2 2
223 4 3
223 5 4
223 6 5
223 7 7
223 8 6
223 9 8
224 2 1
224 3 2
224 3 4
224 4 5
224 5 3
224 6 6
224 7 9
224 7 10
224 7 11
224 7 7
224 7 8
224 8 12
224 9 12
224 11 21
224 12 25
224 12 22
224 12 23
224 12 24
224 13 27
224 13 28
224 14 29
224 15 30
224 16 13
224 17 14
224 18 17
224 19 18
224 20 19
224 21 15
224 21 16
224 22 31
225 1 1
225 2 2
225 3 3
225 4 5
225 5 4
225 6 6
225 7 12
225 7 13
225 8 14
225 9 15
225 10 10
225 11 10
225 12 9
225 12 10
225 12 11
225 13 7
225 13 8
225 14 16
226 1 1
226 1 2
226 2 3
226 3 4
226 4 5
226 5 7
226 7 8
226 8 9
226 9 10
226 9 11
226 10 18
226 10 19
226 11 13
226 12 14
226 13 15
226 14 16
226 15 17
226 16 12
226 17 20
227 1 1
227 2 2
227 3 3
227 3 4
227 3 5
227 4 6
227 5 7
227 6 8
227 7 9
227 8 5
227 9 10
228 1 1
228 2 2
228 3 4
228 3 5
228 4 18
228 5 19
228 6 20
228 7 21
228 8 23
228 9 24
228 10 25
228 10 26
228 10 27
228 11 22
228 15 9
228 16 10
228 17 7
228 17 8
228 18 2
228 20 10
228 21 11
228 23 12
228 24 13
228 25 14
228 26 15
228 28 16
228 29 17
228 30 28
229 1 1
229 2 2
229 5 3
229 6 6
229 7 7
229 9 5
229 11 8
229 12 9
229 12 10
229 12 11
229 12 12
229 14 14
229 15 15
229 16 16
229 17 17
229 17 18
229 17 19
229 18 20
229 19 21
229 19 22
229 20 23
229 21 13
229 24 24
230 1 1
230 2 2
230 3 3
230 4 6
230 5 7
230 5 8
230 6 9
230 7 10
230 8 11
230 9 4
230 9 5
230 10 12
231 1 1
231 2 2
231 3 3
231 4 4
231 5 6
231 6 5
231 7 8
231 10 9
231 11 9
231 14 10
231 15 11
231 15 12
231 16 13
231 17 14
231 18 15
231 19 16
231 20 17
231 21 18
231 22 19
231 23 20
231 24 21
231 25 22
231 27 23
232 1 1
232 1 2
232 1 3
232 1 4
232 2 5
232 3 6
232 4 7
232 5 7
232 6 8
232 7 9
232 7 10
232 8 11
232 9 12
232 10 12
232 11 12
232 12 12
232 13 18
232 14 19
232 15 22
232 16 22
232 17 22
232 18 23
232 19 26
232 21 23
232 21 24
232 23 13
232 23 14
232 24 15
232 27 17
232 27 16
232 28 17
232 28 16
232 29 17
232 29 16
232 30 17
232 30 16
232 31 27
233 1 1
233 2 3
233 3 2
233 4 4
233 5 5
233 5 6
233 6 7
233 7 8
233 8 9
233 9 10
234 1 1
234 2 2
234 3 3
234 3 4
234 4 5
234 5 6
234 6 7
234 7 8
234 8 9
234 8 11
234 9 12
234 10 13
234 11 10
234 11 11
234 12 11
234 13 14
235 3 4
235 5 11
235 6 12
235 7 15
235 8 16
235 9 17
235 9 18
235 10 13
235 10 14
235 13 7
235 14 1
235 14 2
235 17 9
235 18 19
236 1 2
236 1 3
236 2 1
236 3 1
236 4 1
236 5 1
236 6 4
236 7 5
236 8 5
236 9 6
236 10 7
236 12 19
236 12 20
236 13 21
236 14 10
236 14 11
236 14 12
236 14 13
236 16 14
236 17 15
236 18 16
236 19 17
236 20 18
236 21 10
236 21 11
236 21 12
236 21 13
236 22 22
237 1 7
237 2 9
237 2 10
237 2 8
237 6 3
237 6 4
237 6 5
237 7 6
237 8 10
237 8 11
237 9 16
238 1 1
238 2 2
238 3 3
238 4 3
238 5 4
238 6 5
238 7 8
238 8 6
238 8 7
238 8 8
238 9 6
238 9 7
238 10 10
238 11 9
238 11 11
238 12 17
238 13 18
238 13 19
238 15 12
238 16 13
238 17 15
238 18 16
238 19 14
238 20 20
239 1 1
239 2 2
239 6 4
239 7 4
239 8 5
239 9 6
239 10 3
239 11 3
239 13 5
239 14 9
239 15 6
239 16 7
239 17 8
239 18 11
239 19 12
239 20 10
239 22 21
239 23 22
239 24 23
239 25 24
239 26 25
239 27 26
239 28 27
239 29 28
239 30 13
239 31 14
239 32 15
239 33 16
239 34 16
239 35 17
239 36 18
239 37 18
239 38 29
240 1 5
240 1 6
240 2 1
240 2 2
240 2 3
240 3 9
240 4 10
240 5 11
240 5 12
240 5 13
240 6 14
240 7 15
240 8 16
240 10 17
240 10 18
240 11 19
241 1 1
241 2 2
241 3 2
241 4 12
241 4 13
241 4 14
241 5 5
241 6 6
241 7 9
241 7 7
241 7 8
241 8 10
241 9 11
241 10 4
241 11 15
242 1 1
242 2 2
242 2 3
242 2 4
242 2 5
242 3 6
242 4 8
242 5 9
242 6 10
242 7 11
242 8 12
242 9 13
242 10 14
242 10 15
242 11 16
242 12 17
242 13 23
242 14 22
242 15 18
242 16 19
242 16 20
242 17 21
242 19 24
242 20 25
243 2 3
243 3 3
243 5 1
243 6 2
243 7 4
243 8 9
243 9 10
243 10 8
243 11 5
243 11 6
243 11 7
243 12 11
244 1 1
244 2 3
244 3 2
244 3 4
244 4 1
244 5 1
244 9 12
244 9 13
244 11 5
244 12 6
244 13 8
244 14 7
244 15 9
244 17 14
245 2 2
245 2 3
245 2 4
245 2 5
245 3 1
245 5 6
245 6 7
245 7 8
245 8 12
245 9 13
245 10 10
245 10 11
245 11 10
245 12 11
245 13 9
245 14 14
246 1 1
246 3 2
246 4 1
246 5 3
246 6 6
246 7 4
246 8 5
246 9 7
246 10 8
246 11 9
246 12 10
246 13 11
246 13 12
246 14 6
246 15 13
247 1 1
247 2 2
247 2 3
247 3 6
247 5 7
247 6 8
247 7 9
247 8 10
247 9 11
247 10 5
247 11 12
248 1 1
248 2 2
248 3 2
248 4 3
248 5 4
248 7 5
248 8 6
248 9 7
248 10 8
248 11 9
248 12 10
248 13 11
249 1 1
249 3 2
249 4 3
249 6 9
249 6 8
249 7 9
249 7 8
249 8 10
249 9 11
249 10 12
249 10 13
249 11 14
249 13 15
249 14 16
249 15 17
249 16 18
249 17 19
249 18 19
249 20 4
249 20 5
249 20 6
249 20 7
249 21 4
249 21 5
249 21 6
249 21 7
249 22 4
249 22 5
249 22 6
249 22 7
249 23 4
249 23 5
249 23 6
249 23 7
249 24 20
250 1 1
250 5 4
250 9 6
250 10 7
250 11 8
250 12 8
250 13 10
250 14 9
250 14 11
250 15 11
250 17 12
250 17 13
250 17 14
250 18 16
250 19 17
250 19 18
250 19 19
250 22 20
250 23 21
250 23 22
250 23 23
250 24 21
250 26 15
250 27 16
250 28 24
251 1 1
251 2 2
251 2 4
251 2 5
251 3 3
251 4 7
251 5 9
251 5 10
251 5 8
251 6 6
251 7 11
251 8 11
251 9 12
251 10 15
251 11 15
251 12 13
251 13 14
251 15 18
251 15 19
251 16 20
251 17 17
251 17 12
251 18 12
251 19 21
252 1 1
252 2 9
252 3 9
252 4 2
252 5 3
252 6 4
252 7 5
252 8 6
252 9 7
252 10 8
252 11 10
252 12 11
253 1 1
253 2 2
253 2 4
253 3 7
253 5 7
253 6 8
253 7 3
253 8 9
253 9 10
253 10 6
253 11 11
253 12 12
253 13 13
253 14 14
253 15 15
253 16 17
253 16 16
253 17 18
254 1 1
254 2 2
254 3 3
254 4 4
254 5 5
254 6 6
254 6 7
254 8 8
254 9 12
254 10 13
254 11 8
254 12 9
254 13 10
254 14 8
254 15 11
254 16 14
255 1 1
255 1 2
255 2 3
255 3 4
255 4 5
255 5 6
255 6 7
255 7 8
255 8 9
255 9 10
255 10 10
255 11 11
255 11 12
255 11 13
255 12 14
255 13 15
255 14 16
256 1 1
256 2 2
256 4 3
256 5 4
256 5 5
256 6 6
256 7 7
256 8 10
256 9 11
256 10 8
256 11 9
256 13 12
256 14 13
256 14 14
256 16 15
256 17 16
256 18 17
256 19 18
256 20 19
257 1 1
257 2 2
257 5 6
257 5 7
257 6 8
257 7 5
257 8 3
257 9 4
257 10 9
258 1 5
258 2 6
258 3 7
258 4 3
258 4 4
258 5 8
258 7 1
258 8 2
258 9 3
258 9 4
258 11 9
258 12 10
258 13 11
258 13 12
258 13 13
258 13 14
258 14 17
258 14 11
258 14 12
258 14 13
258 14 14
258 15 15
258 16 16
258 17 18
259 1 7
259 2 6
259 3 1
259 4 1
259 5 2
259 6 3
259 7 4
259 7 5
259 8 15
259 9 17
259 9 18
259 9 15
259 9 16
259 10 9
259 11 10
259 12 11
259 13 12
259 14 13
259 14 14
259 15 20
259 16 21
259 17 22
259 18 23
259 19 24
259 20 25
259 21 26
259 22 27
259 22 28
259 22 29
259 23 8
259 24 30
260 1 1
260 2 2
260 3 1
260 4 2
260 6 3
260 7 3
260 8 3
260 9 3
260 10 4
260 11 5
260 12 8
260 13 10
260 14 9
260 15 11
260 16 12
260 17 13
260 18 14
260 19 15
260 20 16
260 21 17
260 22 18
260 23 19
260 23 20
260 23 21
260 24 22
260 24 23
260 25 24
260 26 25
261 1 1
261 2 2
261 6 8
261 7 10
261 8 12
261 8 13
261 9 9
261 9 5
261 9 6
261 9 7
261 10 14
261 11 17
261 11 16
261 12 15
261 13 19
261 13 20
261 13 21
261 15 22
261 16 23
261 16 24
261 17 25
261 18 18
261 19 26
262 1 1
262 2 2
262 3 2
262 4 2
262 6 3
262 7 4
262 8 6
262 8 7
262 9 9
262 10 10
262 11 11
262 12 8
262 13 5
262 14 12
262 15 13
262 16 15
262 17 15
262 18 14
262 19 17
262 19 18
262 19 16
262 20 19
262 21 20
262 22 21
262 23 22
262 24 23
262 24 24
262 27 25
262 28 28
262 29 29
262 30 30
262 31 26
262 31 27
262 32 31
262 33 32
262 34 33
262 35 34
262 36 37
262 37 38
262 38 36
262 39 35
262 40 39
263 1 1
263 2 2
263 3 3
263 6 7
263 7 7
263 8 8
263 9 9
263 11 6
263 13 10
263 14 11
263 15 12
263 16 14
263 16 15
263 17 5
263 19 16
263 20 21
263 21 22
263 23 17
263 24 18
263 25 19
263 25 20
263 26 23
264 1 1
264 2 3
264 3 1
264 5 4
264 6 5
264 7 2
264 9 6
264 10 7
264 13 9
264 13 8
264 14 10
264 15 11
264 17 12
264 18 14
264 19 13
264 20 19
264 21 20
264 22 21
264 23 22
264 24 17
264 24 18
264 24 16
264 25 17
264 25 16
264 26 23
265 1 1
266 1 1
266 2 5
266 2 7
266 3 3
266 4 4
266 5 6
266 6 8
266 7 7
266 9 9
266 10 18
266 11 19
266 12 20
266 12 21
266 13 11
266 14 12
266 15 14
266 16 15
266 17 16
266 18 13
266 19 10
266 20 22
266 22 24
266 23 25
266 24 26
266 25 27
266 25 28
266 26 23
266 27 29
267 1 5
267 2 5
267 3 6
267 4 2
267 5 17
267 5 16
267 6 18
267 7 19
267 8 20
267 9 21
267 10 22
267 11 23
267 12 25
267 12 24
267 13 26
267 13 27
267 13 28
267 14 4
267 18 33
267 19 34
267 22 35
268 1 10
268 2 13
268 3 12
268 4 11
268 5 14
268 6 15
268 7 16
268 9 17
268 10 18
268 11 22
268 11 23
268 12 26
268 12 27
268 13 25
268 14 24
268 15 28
268 19 29
268 20 20
268 20 21
268 21 19
268 23 7
268 24 8
268 26 4
268 26 5
268 27 9
268 28 33
269 1 13
269 1 14
269 1 15
269 1 16
269 11 17
269 12 18
269 13 19
269 14 20
269 15 21
269 15 23
269 17 22
269 18 26
269 19 27
269 20 25
269 20 24
269 22 28
269 23 31
269 24 30
269 25 30
269 26 29
269 27 32
270 1 1
270 2 2
270 3 3
270 4 4
270 5 5
270 5 6
270 6 7
270 7 8
270 8 9
270 9 19
270 11 21
270 11 22
270 16 16
270 17 17
270 18 18
270 19 14
270 20 11
270 20 12
270 20 13
270 21 11
270 21 12
270 21 13
270 22 23
271 1 1
271 2 2
271 2 4
271 3 3
271 4 2
271 4 4
271 5 5
271 7 6
271 8 7
271 9 8
271 10 9
271 11 10
271 12 11
271 13 13
271 14 14
271 15 15
271 16 12
271 17 16
271 20 19
271 21 20
271 22 21
272 1 1
272 2 2
272 3 4
272 4 5
272 5 6
272 6 2
272 6 3
272 7 7
273 1 4
273 2 5
273 3 1
273 4 2
273 4 3
273 5 7
273 6 8
273 8 9
273 9 10
273 10 12
273 11 11
273 12 13
273 13 15
273 14 14
273 16 17
273 16 16
273 17 6
273 19 18
273 22 19
273 22 20
273 25 21
273 25 22
274 1 2
274 2 2
274 3 3
274 4 5
274 5 6
274 6 7
274 7 4
274 8 8
275 2 1
275 2 2
275 3 3
275 4 4
275 5 6
275 6 6
275 7 7
276 1 1
276 2 2
276 2 5
276 3 3
276 4 4
276 6 6
276 7 10
276 8 10
276 10 9
276 10 8
276 11 11
276 11 12
276 12 13
276 13 14
276 14 15
276 15 17
276 15 16
276 16 6
276 16 7
276 17 18
277 1 1
277 2 2
277 3 2
277 4 3
277 5 4
277 6 5
277 7 6
277 8 7
277 9 8
277 10 9
277 11 10
277 12 11
278 2 1
278 3 2
278 4 3
278 5 4
278 6 7
278 9 5
278 10 6
278 13 11
278 14 12
278 16 8
278 17 10
278 18 10
278 19 9
278 19 10
278 21 14
278 23 15
278 24 17
278 24 18
278 24 16
278 25 19
279 1 1
279 2 2
279 3 4
279 3 5
279 4 6
279 4 7
279 4 8
279 5 9
279 6 10
279 7 12
279 7 13
279 8 14
279 9 15
279 10 16
279 11 17
279 12 11
279 13 18
279 15 21
279 16 22
279 17 19
279 18 19
279 19 23
279 20 24
279 23 33
279 24 34
279 25 35
279 27 26
279 27 27
279 27 28
279 28 25
279 29 38
280 1 1
280 2 2
280 5 3
280 6 6
280 7 7
280 8 10
280 8 11
280 8 12
280 9 9
280 9 8
280 10 4
280 10 5
280 12 13
280 13 14
280 16 20
280 16 21
280 16 22
280 16 23
280 19 17
280 20 18
280 21 16
280 22 24
281 1 1
281 2 2
281 3 3
281 4 8
281 5 9
281 5 10
281 5 11
281 5 12
281 5 13
281 6 14
281 6 15
281 7 17
281 7 16
281 8 4
281 9 5
281 9 6
281 9 7
281 10 3
281 11 18
282 1 1
282 2 2
282 2 4
282 2 5
282 4 3
282 5 9
282 6 10
282 7 11
282 8 12
282 9 13
282 10 14
282 11 15
282 12 6
282 12 7
282 12 8
282 13 16
283 7 1
283 8 2
283 9 9
283 9 10
283 10 11
283 11 12
283 15 13
283 16 13
283 17 14
283 18 15
283 19 13
283 21 2
283 22 4
283 22 5
283 22 6
283 23 7
283 24 8
283 25 3
283 26 16
284 1 3
284 1 4
284 2 2
284 2 5
284 3 1
284 4 7
284 5 9
284 5 10
284 6 11
284 7 12
284 10 6
284 11 6
284 12 6
284 12 8
284 13 2
284 14 16
284 15 17
284 16 18
284 17 20
284 18 22
284 18 23
284 19 24
284 20 21
284 21 19
284 22 25
284 23 26
284 25 29
284 26 30
284 26 31
284 26 32
284 27 27
284 27 28
284 28 33
285 1 6
285 2 6
285 3 7
285 4 8
285 5 9
285 5 10
285 6 11
285 7 12
285 8 13
285 9 14
285 10 15
286 1 3
286 2 4
286 3 5
286 4 5
286 5 6
286 6 7
286 7 8
286 8 9
286 10 14
286 10 15
286 11 10
286 11 11
286 11 12
286 12 13
286 13 17
286 13 18
286 13 19
286 14 21
286 15 20
286 15 22
286 17 33
286 18 25
286 19 26
286 19 27
286 20 28
286 20 29
286 20 31
286 21 32
286 22 30
286 23 16
286 24 34
287 1 1
287 2 2
287 3 3
287 4 4
287 5 5
287 6 6
287 7 7
287 8 8
287 9 9
287 10 10
287 11 11
288 1 3
288 2 4
288 3 1
288 4 5
288 5 6
289 1 1
289 1 2
289 2 4
289 3 3
289 4 3
289 5 3
289 6 5
289 7 6
289 7 7
289 8 8
289 9 8
289 10 9
289 11 10
289 12 11
290 1 1
290 2 3
290 2 5
290 3 2
290 6 4
290 7 13
290 8 14
290 10 6
290 11 7
290 11 8
290 12 9
290 13 10
290 14 15
290 15 18
290 16 19
290 17 20
290 18 21
290 19 22
290 20 23
290 21 25
290 22 24
290 25 29
290 26 30
290 26 31
290 27 33
290 28 34
290 29 35
290 31 36
290 31 37
290 32 38
290 33 39
290 34 32
290 35 32
290 36 40
290 40 40
291 1 2
291 2 3
291 3 4
291 4 5
291 4 6
291 6 9
291 7 10
291 8 11
291 9 11
291 10 12
291 11 12
291 11 13
291 11 14
291 12 7
291 13 8
291 14 15
292 1 1
292 2 2
292 3 3
292 4 5
292 5 6
292 6 4
292 7 4
292 8 7
292 9 8
292 10 9
292 11 10
292 12 13
292 13 12
292 14 11
292 15 14
292 16 20
292 16 15
292 17 18
292 18 21
292 19 22
292 19 23
292 20 15
292 20 16
292 21 20
292 22 24
293 1 5
293 2 6
293 3 7
293 4 10
293 5 9
293 6 8
293 9 12
293 10 11
293 11 14
293 12 13
293 13 15
294 1 1
294 2 2
294 3 3
294 4 4
294 5 5
294 5 6
295 1 3
295 2 4
295 4 5
295 5 6
295 6 7
295 6 8
295 7 11
295 8 12
295 9 13
295 11 9
295 15 14
295 16 15
295 17 17
295 17 16
295 19 18
295 21 27
295 21 28
295 22 27
295 22 28
295 23 21
295 23 22
295 24 23
295 25 25
295 25 24
295 26 29
296 1 1
296 2 2
296 4 3
296 5 4
296 6 5
296 7 7
296 8 7
296 9 6
296 11 8
296 13 9
296 14 11
296 15 10
296 17 12
296 19 13
296 20 15
296 21 18
296 22 17
296 22 16
296 25 21
296 29 22
296 29 23
296 30 24
296 31 26
296 32 25
296 34 27
296 34 30
296 35 28
296 36 29
296 37 31
297 1 1
297 2 2
297 3 5
297 4 6
297 5 7
297 6 3
297 7 4
297 9 8
297 10 9
297 11 9
297 12 10
297 14 16
297 15 17
297 16 24
297 17 22
297 18 23
297 19 23
297 20 19
297 21 21
297 22 20
297 23 18
297 23 20
297 24 25
298 1 1
298 2 2
298 3 3
298 3 4
298 4 5
298 5 6
298 8 12
298 8 13
298 9 14
298 9 15
298 10 16
298 11 13
298 12 17
298 13 19
298 14 19
298 15 18
298 17 20
298 20 24
298 21 21
298 21 23
298 23 25
299 1 3
299 2 4
299 4 1
299 5 2
299 7 9
299 8 12
299 9 10
299 10 13
300 2 1
300 3 2
300 4 3
300 5 4
300 7 11
300 8 12
300 8 13
300 9 14
300 10 15
300 11 16
300 13 9
300 13 8
300 14 5
300 15 6
300 15 7
300 16 4
300 17 17
301 1 1
301 2 2
301 3 3
301 4 4
301 5 2
301 6 5
301 7 6
301 8 7
301 9 8
301 10 9
301 10 10
301 11 11
301 12 12
301 13 13
301 14 14
301 15 15
301 16 16
301 17 17
301 18 18
301 19 19
301 19 20
301 21 21
301 22 23
301 23 23
301 24 23
301 25 23
301 26 22
301 27 24
302 1 7
302 2 8
302 3 9
302 4 13
302 5 14
302 6 10
302 7 11
302 8 12
302 9 1
302 9 2
302 10 5
302 11 4
302 12 6
302 13 15
303 1 1
303 2 2
303 2 3
303 4 4
303 4 5
303 5 6
303 6 7
303 8 10
303 8 11
303 8 12
303 8 13
303 9 8
303 10 9
303 11 3
303 12 3
303 13 14
304 1 1
304 2 1
304 3 1
304 4 7
304 6 2
304 7 3
304 8 4
304 8 5
304 9 6
304 10 8
304 12 9
304 13 10
304 14 13
304 15 14
304 16 15
304 17 11
304 17 12
304 18 16
304 19 17
304 19 18
304 21 19
304 22 22
304 23 23
304 25 24
304 26 21
304 27 25
304 29 28
304 30 28
304 31 29
304 32 29
304 33 26
304 34 26
304 35 26
304 36 30
305 1 4
305 2 5
305 3 6
305 4 3
305 5 1
305 6 1
305 7 2
305 8 3
305 9 7
305 10 8
305 11 8
305 12 9
305 13 10
305 13 11
305 14 12
305 15 13
305 16 14
305 17 14
305 18 15
306 1 5
306 2 3
306 2 4
306 2 5
306 2 6
306 2 7
306 3 11
306 4 9
306 5 10
306 7 12
306 8 13
306 9 14
306 11 15
306 12 16
306 14 17
306 14 18
306 14 19
306 18 20
306 19 21
306 19 22
306 20 23
306 21 24
306 22 25
306 26 26
306 27 26
306 28 27
306 29 28
307 1 1
307 2 2
307 2 3
307 3 4
307 4 5
307 5 6
307 7 15
307 8 16
307 9 8
307 10 8
307 11 9
307 12 10
307 12 11
307 12 12
307 12 13
307 13 17
308 4 1
308 4 2
308 4 3
308 5 4
309 1 6
309 1 7
309 2 8
309 3 9
309 4 10
309 5 11
309 6 1
309 6 2
309 6 3
309 6 4
309 7 12
309 8 13
309 9 14
309 10 15
309 11 16
309 12 17
309 13 18
309 14 20
309 15 21
309 16 22
309 17 23
309 18 24
309 20 25
309 21 26
309 21 27
309 22 28
309 22 29
309 23 29
309 24 30
310 1 1
310 2 1
310 3 2
310 4 5
310 4 6
310 5 7
310 6 2
310 7 8
310 8 9
310 9 10
310 10 11
310 11 12
310 12 12
310 15 17
310 16 18
310 17 19
310 18 20
310 19 21
310 19 22
310 20 13
310 20 14
310 20 15
310 22 24
310 23 25
310 24 26
310 25 27
310 26 28
310 27 29
310 27 30
310 28 31
311 1 1
311 2 2
311 3 3
311 4 4
311 5 7
311 5 8
311 6 5
311 7 6
311 8 9
311 8 10
311 9 11
311 10 12
311 11 13
311 12 16
311 13 15
311 13 16
311 14 14
311 15 14
311 16 17
311 17 19
311 18 18
311 19 21
311 20 22
311 20 23
311 21 19
311 22 20
311 23 29
311 23 30
311 24 24
311 25 24
311 26 24
311 27 25
311 28 26
311 29 27
311 29 28
311 30 31
312 1 1
312 2 2
312 4 3
312 6 4
312 6 5
312 7 9
312 7 10
312 7 11
312 7 8
312 8 12
312 9 13
312 10 14
312 11 15
312 12 16
312 13 17
312 14 7
312 15 7
312 16 6
312 17 6
312 18 24
313 2 10
313 2 12
313 3 9
313 4 10
313 4 11
313 5 13
313 6 14
313 7 17
313 7 18
313 8 16
313 9 16
313 10 16
313 13 22
313 13 23
313 13 24
313 14 21
313 15 22
313 15 23
313 16 25
313 17 26
313 17 27
313 17 28
313 18 29
314 1 1
314 2 2
314 2 3
314 3 4
314 4 4
314 5 5
314 6 6
314 7 7
314 8 8
314 9 9
314 10 10
314 11 11
314 12 12
314 13 13
314 14 4
314 15 14
315 1 1
315 1 2
315 2 3
315 3 3
315 4 4
315 5 5
315 7 17
315 8 17
315 9 19
315 10 18
315 10 20
315 10 21
315 12 12
315 12 13
315 13 15
315 14 14
315 15 14
315 16 9
315 16 10
315 17 6
315 18 7
315 19 22
316 1 1
316 1 2
316 1 3
316 1 4
316 3 5
316 6 9
316 7 10
316 8 10
316 9 6
316 9 7
316 9 8
316 10 11
316 10 12
316 12 13
316 13 15
316 14 16
316 15 16
316 16 16
316 17 17
316 19 19
316 20 20
316 21 21
316 22 22
316 23 23
316 25 24
317 2 7
317 2 8
317 3 1
317 3 2
317 3 11
317 3 10
317 5 14
317 6 15
317 7 13
317 8 12
317 10 4
317 11 5
317 12 9
317 12 6
318 1 1
318 1 2
318 1 3
318 1 4
318 2 21
318 3 6
318 4 6
318 5 7
318 5 8
318 6 9
318 7 9
318 8 9
318 9 10
318 10 11
318 11 12
318 11 13
318 13 17
318 13 18
318 13 19
318 13 20
318 14 15
318 14 16
318 15 14
318 16 14
318 17 14
318 18 22
318 19 24
318 20 25
318 21 26
318 22 27
318 23 23
318 24 28
319 1 10
319 1 11
319 2 10
319 2 11
319 3 12
319 3 13
319 4 14
319 5 2
319 5 3
319 5 4
319 6 1
319 9 7
319 9 8
319 10 9
319 11 6
319 12 15
320 1 1
320 2 2
320 2 3
320 2 4
320 3 7
320 4 5
320 4 6
320 6 10
320 6 13
320 7 11
320 8 12
320 9 14
320 10 8
320 11 9
320 12 15
321 1 4
321 2 1
321 3 2
321 4 3
321 5 7
321 6 6
321 8 5
321 10 8
321 11 9
321 11 10
321 12 11
321 12 12
321 12 13
321 13 14
321 13 15
321 15 16
321 16 18
321 17 17
321 19 21
322 1 1
322 2 2
322 3 3
322 4 4
323 1 1
323 2 2
323 3 3
323 4 4
323 5 5
323 6 6
323 8 7
323 10 12
323 11 13
323 12 9
323 12 10
323 13 8
323 15 14
323 16 19
323 17 20
323 18 21
323 19 22
323 21 17
323 21 18
323 21 16
323 22 15
323 23 23
324 1 1
324 1 2
324 2 3
324 4 4
324 5 5
324 6 6
324 7 7
324 8 9
324 9 9
324 10 9
324 11 8
324 12 10
325 1 3
325 2 3
325 3 4
325 3 5
325 3 6
325 6 4
325 6 5
325 6 6
325 7 9
325 7 5
325 7 6
325 7 7
325 7 8
325 8 10
325 9 11
325 10 12
325 10 15
325 11 13
325 11 14
325 13 16
325 14 17
325 15 18
325 16 19
325 17 20
325 18 21
325 19 22
325 20 23
326 1 1
326 2 2
326 3 3
326 4 4
326 5 8
326 6 6
326 6 7
326 7 8
326 9 9
326 11 10
326 12 11
326 13 13
326 14 18
326 14 19
326 15 17
326 16 15
326 16 16
326 18 20
326 19 21
326 20 22
326 21 23
326 21 24
326 22 26
326 23 27
326 24 28
326 25 25
326 26 29
327 1 1
327 2 2
327 3 3
327 4 4
327 5 5
327 5 6
327 6 7
327 7 9
327 8 10
327 9 8
327 10 11
328 1 3
328 2 4
328 2 6
328 4 1
328 4 5
328 5 2
328 6 7
328 7 7
328 8 8
328 9 6
328 12 14
328 13 17
328 13 15
328 13 16
328 14 9
328 15 10
328 15 11
328 16 12
328 17 13
328 18 18
329 1 1
329 2 2
329 2 3
329 2 4
329 3 2
329 4 8
329 6 6
329 7 7
329 8 5
329 9 9
330 1 1
330 2 2
330 3 3
330 4 4
330 5 5
330 6 6
330 6 7
330 7 9
330 7 10
330 7 8
330 8 11
330 9 12
330 10 13
330 11 14
330 11 15
330 12 16
330 13 17
330 14 17
330 15 18
330 16 19
330 17 20
330 18 21
330 20 22
330 21 23
330 22 26
330 23 27
330 24 28
330 25 29
330 26 25
330 27 24
330 28 30
331 1 4
331 2 4
331 3 4
331 4 2
331 5 1
331 6 13
331 6 15
331 7 15
331 8 15
331 9 14
331 9 15
331 10 6
331 12 10
331 12 11
331 12 12
331 13 9
331 14 7
331 14 8
331 15 16
332 1 1
332 2 4
332 3 3
332 4 5
332 5 6
332 6 7
332 7 8
332 8 9
332 9 10
332 9 11
332 10 12
332 11 13
332 12 14
332 12 15
332 12 16
332 13 17
332 14 18
332 15 19
332 16 20
332 16 21
332 17 22
332 18 23
332 19 24
332 20 26
332 20 27
332 22 30
332 23 31
332 25 28
332 25 29
332 26 32
332 27 33
332 28 34
332 29 35
332 30 36
333 1 1
333 2 2
333 3 3
333 4 5
333 5 6
333 6 7
333 7 8
333 8 9
333 9 10
333 10 11
333 11 12
333 12 14
333 13 15
333 14 16
333 15 17
333 16 18
333 17 19
333 18 20
333 19 21
333 20 22
333 21 4
333 22 23
334 1 4
334 1 5
334 2 2
334 2 3
334 3 8
334 4 9
334 5 10
334 6 4
334 6 5
334 8 12
334 9 11
334 11 15
334 12 16
334 13 16
334 15 13
334 16 14
334 17 14
334 18 17
334 19 18
334 22 19
334 23 20
334 23 21
334 24 22
334 25 23
334 25 24
334 27 27
334 28 28
334 29 25
334 29 26
334 30 29
335 1 2
335 2 3
335 3 4
335 5 5
335 5 6
335 6 7
336 1 1
336 2 2
336 3 3
336 3 4
336 3 5
336 3 6
336 4 7
336 6 8
336 8 9
336 9 10
336 9 11
336 9 12
336 13 14
336 14 10
336 14 11
336 14 12
336 16 15
336 18 18
336 19 19
336 20 20
336 21 17
336 21 16
336 22 21
337 1 1
337 2 2
337 3 3
337 3 4
337 4 5
337 5 6
338 1 2
338 2 4
338 2 5
338 3 3
338 4 10
338 4 11
338 4 12
338 5 1
338 6 8
338 7 9
338 7 6
338 7 7
338 9 13
338 10 14
338 11 15
338 12 16
338 13 19
338 14 17
338 15 18
338 16 20
338 17 21
338 17 22
338 18 23
339 1 1
339 2 6
339 5 4
339 5 5
339 6 7
339 7 8
339 8 9
339 10 12
339 11 13
339 11 14
339 11 15
339 11 16
339 12 17
339 13 10
339 14 11
339 16 18
339 19 19
339 20 22
339 21 23
339 22 24
339 23 25
339 23 26
339 24 27
339 25 28
339 26 20
339 27 21
339 28 29
340 1 1
340 2 2
340 3 3
340 8 4
340 9 5
340 10 6
340 11 7
340 12 8
340 13 8
340 14 9
340 15 10
340 16 11
340 18 12
340 19 14
340 19 15
340 20 16
340 21 13
340 23 17
340 23 18
340 24 19
340 25 20
340 26 21
340 27 22
340 28 22
340 29 23
341 1 2
341 2 1
341 3 3
341 5 4
341 6 4
341 7 6
341 8 7
341 10 5
341 12 14
341 13 15
341 14 16
341 15 11
341 15 12
341 15 13
341 16 17
341 17 8
341 18 9
341 21 18
341 22 19
341 23 20
341 24 23
341 24 24
341 25 21
341 25 22
341 27 25
341 27 26
341 27 27
341 27 28
341 28 31
341 29 31
341 30 32
341 31 33
341 32 29
341 33 29
341 34 30
341 35 30
341 36 34
342 1 1
342 2 2
342 3 3
342 4 4
342 5 4
342 6 6
342 7 5
342 8 5
342 9 7
342 10 8
342 11 4
342 12 9
342 14 11
342 14 12
342 14 13
342 15 10
342 16 10
342 17 14
343 1 6
343 2 6
343 3 6
343 4 7
343 5 8
343 6 7
343 7 7
343 8 7
343 10 3
343 11 5
343 12 9
343 13 10
343 15 11
343 15 12
343 16 13
343 16 14
343 17 15
343 20 4
343 21 16
344 1 1
344 2 1
344 3 2
344 4 3
344 6 4
344 7 5
344 8 4
344 9 7
344 10 8
344 11 6
344 12 9
345 2 1
345 3 2
345 6 3
345 7 4
345 8 5
345 9 7
345 10 8
345 11 9
345 13 10
345 14 11
345 15 12
345 15 13
345 16 14
345 17 20
345 18 15
345 18 16
345 19 19
345 20 17
345 21 18
345 23 21
345 24 22
345 25 23
345 26 24
345 27 25
345 31 26
346 1 1
346 2 2
346 2 3
346 3 4
346 4 5
346 5 5
346 6 6
347 1 1
347 2 2
347 3 7
347 4 4
347 5 5
347 6 6
347 7 8
347 8 9
347 9 10
347 10 11
347 11 12
347 13 13
347 14 16
347 15 15
347 16 17
347 16 18
347 17 14
347 18 19
348 1 1
348 2 2
348 2 3
348 3 4
348 5 5
348 6 9
348 7 10
348 8 7
348 9 8
348 10 11
348 11 11
348 12 9
348 13 9
348 14 6
348 15 12
349 1 3
349 2 2
349 3 1
349 4 4
349 5 8
349 6 5
349 7 11
349 8 9
349 9 10
349 11 12
349 11 13
349 12 14
349 13 7
349 14 18
349 15 19
349 16 20
349 17 21
349 18 22
349 18 23
349 19 25
349 19 26
349 19 27
349 19 15
349 19 16
349 20 28
350 1 1
350 2 2
350 3 5
350 4 8
350 5 7
350 6 6
350 7 9
350 8 10
350 9 11
350 9 12
350 10 13
350 11 14
350 12 14
350 12 15
350 13 16
350 14 3
350 15 2
350 15 4
350 17 17
350 18 18
350 19 19
350 20 20
350 20 21
350 21 22
350 22 23
350 23 25
350 23 26
350 24 27
350 25 28
350 26 29
350 27 30
350 27 24
350 28 32
350 29 31
350 29 32
350 30 33
350 31 34
350 31 35
350 37 40
351 1 1
351 2 2
351 2 3
351 3 3
351 4 4
351 5 5
351 7 6
351 8 7
351 9 8
351 10 10
351 11 11
351 12 12
351 13 13
351 14 14
351 15 9
351 16 15
352 1 1
352 2 4
352 3 3
352 4 2
352 5 5
352 5 6
352 6 7
352 7 8
352 8 9
352 9 10
352 10 11
352 10 14
352 10 15
352 11 16
352 12 17
352 13 12
352 14 13
352 15 18
353 1 2
353 2 3
353 3 1
353 5 4
353 6 5
353 6 6
353 8 7
353 9 10
353 10 10
353 11 11
353 12 8
353 13 9
353 14 9
353 15 9
353 16 9
353 17 9
353 18 9
353 19 12
354 1 1
354 2 2
354 3 3
354 4 4
354 5 5
354 6 5
354 9 6
354 10 8
354 11 9
354 11 10
354 12 11
354 13 12
354 14 13
354 15 7
354 16 14
355 1 2
355 2 3
355 3 1
355 4 7
355 5 4
355 5 5
355 7 8
355 8 10
355 9 11
355 10 12
355 11 13
355 12 14
355 13 15
355 14 16
355 15 9
355 16 17
356 1 1
356 2 2
356 4 6
356 5 4
356 5 5
356 5 7
356 7 8
356 8 9
356 9 17
356 10 18
356 11 19
356 12 20
356 13 21
356 14 10
356 17 22
356 18 23
356 19 24
356 20 28
356 21 25
356 22 26
356 27 34
356 28 35
356 29 36
356 30 37
356 31 33
356 32 33
356 33 38
357 1 5
357 2 6
357 3 1
357 4 2
357 4 3
357 5 11
357 6 12
357 6 13
357 7 7
357 8 10
357 9 14
358 1 1
358 2 6
358 2 7
358 2 8
358 3 10
358 4 11
358 6 12
358 7 17
358 8 18
358 9 18
358 10 18
358 11 14
358 12 16
358 13 15
358 14 13
358 16 2
358 17 3
358 18 4
358 18 5
358 20 19
358 21 19
358 22 20
358 23 22
358 24 22
358 26 29
358 29 32
358 30 30
358 30 31
358 31 24
358 32 24
358 33 24
358 34 25
358 35 26
358 35 27
358 36 33
359 1 3
359 2 1
359 3 1
359 4 5
359 4 6
359 5 7
359 6 8
359 7 9
359 10 10
359 10 11
359 12 12
359 13 13
359 15 20
359 16 21
359 17 22
359 18 15
359 19 17
359 19 18
359 19 19
359 20 14
359 20 16
359 21 23
360 1 1
360 2 2
360 3 3
360 4 6
360 4 7
360 5 8
360 6 5
360 7 4
360 7 5
360 9 9
360 10 14
360 11 14
360 12 14
360 13 15
360 14 12
360 15 13
360 16 10
360 16 11
360 17 10
360 17 11
360 18 16
361 1 1
361 2 1
361 3 1
361 4 2
361 5 3
361 7 6
361 7 7
361 8 4
361 9 4
361 10 5
361 11 6
361 11 7
361 13 8
361 14 11
361 14 12
361 16 13
361 17 14
361 18 15
361 19 16
361 20 10
361 21 10
361 22 17
362 1 4
362 2 5
362 3 5
362 4 6
362 5 7
362 6 7
362 8 10
362 9 11
362 10 9
362 11 8
362 12 9
362 14 2
362 15 1
362 16 1
362 17 3
362 18 12
363 1 5
363 2 6
363 3 1
363 3 2
363 4 3
363 5 4
363 6 4
363 7 7
364 1 3
364 2 3
364 3 2
364 4 1
364 5 4
364 6 4
364 7 5
365 1 4
365 2 5
365 3 6
365 4 3
365 5 2
365 7 8
365 8 9
365 9 10
365 9 11
365 10 12
365 11 14
365 12 15
365 13 17
365 14 18
365 15 19
365 16 20
365 17 21
365 17 22
365 18 30
365 19 31
365 20 32
365 21 28
365 21 29
365 22 23
365 23 25
365 23 24
365 25 33
366 4 2
366 5 3
366 6 1
366 6 4
366 7 5
366 8 9
366 9 9
366 10 10
366 11 11
366 12 12
366 13 13
366 14 7
366 14 8
366 16 14
366 18 15
366 21 17
366 22 17
366 22 18
366 22 16
366 23 14
366 24 22
367 1 1
367 2 2
367 3 3
367 4 5
367 5 6
367 6 6
367 7 6
367 8 7
367 9 5
367 10 4
367 11 8
367 12 9
367 13 10
367 14 11
367 15 13
367 16 14
367 17 12
367 19 15
367 20 16
367 21 20
367 22 21
367 23 17
367 24 22
367 25 19
367 26 19
367 27 23
368 1 1
368 2 3
368 2 4
368 2 5
368 3 7
368 3 8
368 4 9
368 4 10
368 4 11
368 4 12
368 5 13
369 1 1
369 2 2
369 3 3
369 4 4
369 6 5
369 8 9
369 8 10
369 9 7
369 10 8
369 11 6
369 12 12
369 13 13
369 14 14
369 14 15
369 15 16
369 16 17
369 17 18
369 18 19
369 19 20
369 20 21
369 21 22
369 22 23
369 23 11
369 24 24
370 13 1
370 13 2
370 14 3
370 14 4
370 15 5
370 16 5
370 17 6
370 18 10
370 18 11
370 18 7
370 19 8
370 20 9
370 21 12
370 22 13
370 23 13
370 24 14
370 25 15
371 1 1
371 1 2
371 1 3
371 2 1
371 2 2
371 2 3
371 3 1
371 3 2
371 3 3
371 5 5
371 6 6
371 7 7
371 8 8
371 9 9
371 9 10
371 10 11
371 12 12
371 13 13
371 13 14
371 14 15
371 16 16
371 17 17
371 18 18
371 18 19
371 19 20
371 21 21
372 1 1
372 2 2
372 3 4
372 5 5
372 6 6
372 7 7
372 10 4
372 12 8
372 14 12
372 15 10
372 16 10
372 17 11
372 18 11
372 20 14
372 21 15
372 22 16
372 23 18
372 24 19
372 25 20
372 26 17
372 28 8
372 29 9
372 30 21
373 1 1
373 2 2
373 3 4
373 4 5
373 5 6
373 6 7
373 7 9
373 7 8
373 8 10
373 9 11
373 10 12
373 11 13
373 12 2
373 14 14
373 16 17
373 17 18
373 18 19
373 19 15
373 19 16
373 21 20
373 22 22
373 23 23
373 24 24
373 25 24
373 26 24
373 27 21
373 28 25
373 29 27
373 30 28
373 31 29
373 32 30
373 33 31
373 34 32
373 35 26
373 36 33
374 1 1
374 2 2
374 3 3
374 4 4
374 5 7
374 6 8
374 7 9
374 8 11
374 8 12
374 8 13
374 9 10
374 10 6
374 11 5
374 12 14
375 1 10
375 2 2
375 2 4
375 2 5
375 3 1
375 4 6
375 5 7
375 5 8
375 6 6
375 7 11
375 8 12
375 9 13
375 10 14
375 10 15
375 11 18
375 11 19
375 11 20
375 12 21
375 13 22
375 14 23
375 15 24
375 16 25
375 17 26
375 18 17
375 19 16
375 20 27
376 1 3
376 1 4
376 2 5
376 3 6
376 4 10
376 4 12
376 4 13
376 4 14
376 5 8
376 6 9
376 7 1
376 8 11
376 9 16
376 10 12
376 10 13
376 10 14
376 11 17
377 1 1
377 2 2
377 3 3
377 4 4
377 5 5
377 6 6
377 7 7
377 7 8
377 8 9
377 9 10
377 10 11
377 11 12
377 12 13
377 13 14
377 14 15
377 15 16
378 1 1
378 2 2
378 3 4
378 4 5
378 4 6
378 5 7
378 6 8
378 7 9
378 8 11
378 9 12
378 11 13
378 12 14
378 13 15
378 14 16
378 15 18
378 16 19
378 17 17
378 17 10
378 17 3
378 18 20
379 1 1
379 2 2
379 3 3
379 4 4
379 5 5
379 6 5
379 7 7
379 8 8
379 9 9
379 9 6
379 10 10
379 11 12
379 12 13
379 13 11
379 14 14
379 15 22
379 15 23
379 16 22
379 16 23
379 17 19
379 18 20
379 19 21
379 21 16
379 23 17
379 26 15
379 27 24
380 1 1
380 2 2
380 2 3
380 2 4
380 2 5
380 2 6
380 2 7
380 2 8
380 3 9
380 4 10
380 5 10
380 6 11
380 7 12
381 1 1
381 2 2
381 3 3
381 4 4
381 5 5
381 6 6
381 7 7
381 8 8
381 10 9
381 11 10
381 12 11
381 14 12
381 15 13
381 16 14
381 16 15
381 17 13
381 18 16
381 19 17
381 20 18
381 21 19
381 22 21
381 23 22
381 24 23
381 25 20
381 26 20
381 27 24
382 1 1
382 4 2
382 5 10
382 6 4
382 6 5
382 7 6
382 8 7
382 9 8
382 10 9
382 11 11
382 12 11
382 13 11
382 14 11
382 15 12
382 16 13
382 17 14
382 18 15
382 19 16
382 20 17
382 21 18
382 22 19
382 23 25
382 23 24
382 24 26
382 25 27
382 26 23
382 27 28
383 1 1
383 2 2
383 3 3
383 3 4
383 3 5
383 3 6
383 4 7
383 5 13
383 6 14
383 6 15
383 7 10
383 7 11
383 7 12
383 11 11
383 12 16
383 14 18
383 15 19
383 15 20
383 16 22
383 16 23
383 17 21
383 19 24
383 20 25
383 21 26
383 21 27
383 21 34
383 22 29
383 23 30
383 24 31
383 25 32
383 26 33
383 27 28
383 28 37
384 1 6
384 2 3
384 2 4
384 2 5
384 3 8
384 5 1
384 6 7
384 7 9
384 8 10
384 9 15
384 9 16
384 11 13
384 12 14
384 14 19
384 15 18
384 16 16
384 17 16
384 18 16
384 19 16
384 20 20
385 1 1
385 2 2
385 2 3
385 3 4
385 6 6
385 7 7
385 8 8
385 9 9
385 10 10
385 11 11
385 12 11
385 13 12
385 14 13
385 15 14
385 16 15
385 17 16
385 19 20
385 19 21
385 19 22
385 20 17
385 21 18
385 21 19
385 22 23
385 23 24
385 24 24
385 25 24
385 26 25
386 1 1
386 2 6
386 3 3
386 3 4
386 4 7
386 5 8
387 1 1
387 2 2
387 3 4
387 4 6
387 5 7
387 6 8
387 7 5
387 8 3
387 9 9
388 1 1
388 2 2
388 3 3
388 4 4
388 5 4
388 6 5
388 7 6
388 8 7
388 9 8
388 10 14
388 11 13
388 12 10
388 13 11
388 14 12
388 15 13
388 16 13
388 17 17
388 17 15
388 17 16
388 18 18
388 19 18
388 20 9
388 21 20
388 22 32
388 23 33
388 24 34
388 25 23
388 26 25
388 27 26
388 27 27
388 27 28
388 28 24
388 29 35
389 1 1
389 2 1
389 3 1
389 4 1
389 5 2
389 5 3
389 5 4
389 6 6
389 6 7
389 7 5
389 8 8
389 9 9
389 10 10
389 11 10
389 12 11
389 12 12
389 13 14
389 14 15
389 15 17
389 16 16
389 17 16
389 18 13
389 19 13
389 20 18
390 1 1
390 1 6
390 2 2
390 2 3
390 3 7
390 4 8
390 5 8
390 6 9
390 7 10
390 8 11
390 9 12
390 9 13
390 10 14
390 11 4
390 11 5
390 12 15
390 13 16
390 14 16
390 15 16
390 16 17
390 17 18
390 18 21
390 19 20
390 20 20
390 20 22
390 21 19
390 22 19
390 23 24
390 24 25
390 25 26
390 26 27
390 26 28
390 27 29
390 28 30
390 29 31
390 30 32
390 31 33
390 31 34
390 32 35
390 33 36
390 34 37
391 1 2
391 2 3
391 3 4
391 3 5
391 3 6
391 4 7
391 4 8
391 5 11
391 5 12
391 6 9
391 6 10
391 7 1
391 8 8
391 9 13
392 1 1
392 2 2
392 2 4
392 3 5
392 4 6
392 5 7
392 6 8
392 7 3
392 8 2
392 8 4
392 9 9
392 10 10
392 11 11
392 12 13
392 13 14
392 14 15
392 15 12
392 16 16
393 1 3
393 2 4
393 3 6
393 3 7
393 3 8
393 4 1
393 5 5
393 7 9
393 8 10
393 9 15
393 10 16
393 11 21
393 12 22
393 13 17
393 14 13
393 15 14
393 16 14
393 17 12
393 18 12
393 19 11
393 20 23
394 1 1
394 2 2
394 3 3
394 4 4
394 5 4
394 6 6
394 7 7
394 7 8
394 8 9
394 9 10
394 10 11
394 15 5
394 18 15
394 19 16
394 20 17
394 21 18
394 24 19
395 1 5
395 2 2
395 3 1
395 3 3
395 4 4
395 5 7
395 6 8
395 7 9
395 8 10
395 9 10
395 11 11
395 12 14
395 13 15
395 14 12
395 14 13
395 16 16
395 17 16
395 18 16
395 19 18
395 20 19
395 21 20
395 22 21
395 23 22
395 24 17
395 25 23
396 6 2
396 7 1
396 8 5
396 8 6
396 9 3
396 10 4
396 12 2
396 14 7
396 14 8
396 18 9
396 19 10
396 20 11
396 20 12
396 20 13
396 25 14
397 6 4
397 7 1
397 8 2
397 9 2
397 11 7
397 12 5
397 12 6
397 13 8
397 16 9
397 19 10
397 19 11
397 20 12
397 21 13
397 24 33
397 24 34
397 25 30
397 25 31
397 26 33
397 26 34
397 30 14
397 31 15
397 32 24
397 33 25
397 34 26
397 35 18
397 36 17
397 37 23
397 38 23
397 39 35
398 1 1
398 2 2
398 3 5
398 3 6
398 4 7
398 5 3
398 6 4
398 8 8
398 10 13
398 10 14
398 11 15
398 12 11
398 13 9
398 13 10
398 13 12
398 14 16
399 1 1
399 2 2
399 3 3
399 4 4
399 5 6
399 6 6
399 7 7
399 8 9
400 1 1
400 2 2
400 3 3
400 3 4
400 5 5
400 6 6
400 7 8
400 9 7
400 10 10
400 11 11
400 12 9
400 13 12
400 14 13
400 15 14
400 16 15
400 17 16
400 19 24
400 20 25
400 21 26
400 22 27
400 23 22
400 24 23
400 25 17
400 25 18
400 25 19
400 25 20
400 25 21
400 26 28
401 1 1
401 2 2
401 4 4
401 5 5
401 6 5
401 8 7
401 9 9
401 9 10
401 9 8
401 10 11
401 11 12
401 12 13
401 13 11
401 14 14
402 1 1
402 2 2
402 4 4
402 5 5
402 6 6
402 7 7
402 8 8
402 9 10
402 10 9
402 11 9
402 12 11
402 13 12
402 14 13
402 15 3
402 16 14
403 1 1
403 2 2
403 3 5
403 5 3
403 6 4
403 7 6
403 8 7
403 9 8
403 10 9
403 11 9
403 12 10
403 13 11
403 14 12
403 15 13
403 16 14
403 16 15
403 17 16
403 18 17
403 19 18
403 20 19
403 21 20
403 22 21
403 23 22
403 23 23
403 24 25
403 25 25
403 26 25
403 26 26
403 27 27
404 1 1
404 2 2
404 3 3
404 3 5
404 5 7
404 5 8
404 6 9
404 7 10
404 8 11
404 9 12
404 10 6
404 11 13
405 1 3
405 2 4
405 3 1
405 4 2
405 6 5
405 7 10
405 8 11
405 8 12
405 8 13
405 9 14
405 10 6
405 11 6
405 12 6
405 13 9
405 14 7
405 14 8
405 15 15
406 1 1
406 2 2
406 2 3
406 2 4
406 3 5
406 4 6
406 4 7
406 5 8
407 1 12
407 2 11
407 3 4
407 4 1
407 5 2
407 5 3
407 5 4
407 5 5
407 5 6
407 6 7
407 7 8
407 8 9
407 9 10
407 10 16
407 11 16
407 12 16
407 13 17
407 14 14
407 15 13
407 16 15
407 17 18
407 18 19
407 19 22
407 20 20
407 21 21
407 22 21
407 23 23
407 23 24
407 24 25
407 25 26
407 25 27
407 26 22
407 27 28
408 1 1
408 2 2
408 4 3
408 5 4
408 6 5
408 7 6
408 8 9
408 9 10
408 10 8
408 11 7
408 12 12
408 12 13
408 12 14
408 12 15
408 12 16
408 13 8
408 14 17
409 1 1
409 2 2
409 2 3
409 3 2
409 3 3
409 4 4
409 5 5
409 6 6
409 7 7
409 8 8
409 9 9
410 1 1
410 2 2
410 2 3
410 3 4
410 3 5
410 4 6
411 2 1
411 3 2
411 4 3
411 4 4
411 5 5
411 5 6
411 6 7
411 7 9
411 8 10
411 9 8
411 11 14
411 13 15
411 15 16
411 16 19
411 17 18
411 17 20
411 18 17
411 20 21
411 21 23
411 22 24
411 23 25
411 24 26
411 24 27
411 25 22
411 26 22
411 27 22
411 28 28
412 1 5
412 1 6
412 2 4
412 3 3
412 4 1
412 4 2
412 5 3
412 6 7
413 1 1
413 2 2
413 2 3
413 3 4
413 4 5
413 5 6
413 7 9
413 8 8
413 9 10
413 10 11
413 10 12
413 10 13
413 11 9
413 12 14
413 13 15
413 14 16
413 15 20
413 16 22
413 17 21
413 17 22
413 18 21
413 19 17
413 20 18
413 20 19
413 21 23
413 22 24
413 23 25
413 24 26
413 25 29
413 25 31
413 27 28
413 28 30
413 29 30
413 30 30
413 31 30
413 32 31
413 33 32
414 1 1
414 2 2
414 3 3
414 4 6
414 5 7
414 6 8
414 7 9
414 7 10
414 8 11
414 9 12
414 10 13
414 11 14
414 12 15
414 13 16
414 14 17
414 14 18
414 15 19
414 16 20
414 17 21
414 18 22
414 19 23
414 20 24
414 21 25
414 21 26
414 22 27
414 23 28
414 23 29
414 24 30
414 24 31
414 25 32
414 26 14
414 28 4
414 29 5
414 30 33
415 1 10
415 2 1
415 2 2
415 2 3
415 3 4
415 4 5
415 5 5
415 6 9
415 6 7
415 6 8
415 7 6
415 8 11
415 9 12
415 10 13
415 11 14
415 13 15
415 14 18
415 15 19
415 15 20
415 16 21
415 17 22
415 17 23
415 18 24
415 19 25
415 20 17
415 20 16
415 21 17
415 21 16
415 22 26
416 1 8
416 4 9
416 4 10
416 5 13
416 6 14
416 7 17
416 7 15
416 7 16
416 8 12
416 9 11
416 10 11
416 12 2
416 13 5
416 14 6
416 15 3
416 16 18
417 1 1
417 2 2
417 4 3
417 5 4
417 7 3
417 8 5
417 9 7
417 10 6
417 12 8
417 13 9
417 14 13
417 14 14
417 15 15
417 16 11
417 16 12
417 17 10
417 22 17
417 23 16
417 24 18
418 1 1
418 1 2
418 2 10
418 3 6
418 4 7
418 5 8
418 6 3
418 6 4
418 8 5
418 9 9
418 10 12
418 11 17
418 11 13
418 12 14
418 13 15
418 14 16
418 15 18
419 1 5
419 2 4
419 3 7
419 4 1
419 5 1
419 6 1
419 6 2
419 7 3
419 8 6
419 10 9
419 10 8
419 11 11
419 14 10
419 14 13
419 15 12
419 16 14
420 1 1
420 1 2
420 1 3
420 2 4
420 2 5
420 2 6
420 3 7
420 4 10
420 5 10
420 6 8
420 7 9
420 8 11
420 9 12
420 10 13
420 11 14
420 12 15
420 13 12
420 14 16
421 1 1
421 2 2
421 3 3
421 4 6
421 5 5
421 5 7
421 5 8
421 6 4
421 7 6
421 8 9
421 9 10
422 1 1
422 2 2
422 3 3
422 4 4
422 5 5
422 5 6
422 6 7
422 8 8
422 9 9
422 10 12
422 11 13
422 12 11
422 13 10
422 14 14
423 1 1
423 2 2
423 2 3
423 2 4
423 4 5
423 6 6
423 7 10
423 8 10
423 9 9
423 10 8
423 11 11
423 12 12
423 13 13
423 14 14
423 15 15
423 16 16
423 17 17
423 18 18
423 19 19
423 21 20
423 22 21
423 23 22
424 1 1
424 2 2
424 3 3
424 4 7
424 5 7
424 7 4
424 8 5
424 9 9
424 9 8
424 10 11
424 11 10
424 11 12
424 11 13
424 12 14
424 13 15
424 14 6
424 15 16
424 16 17
424 17 18
424 18 7
424 19 19
425 1 1
425 2 2
425 3 4
425 4 3
425 5 5
425 6 6
425 7 7
426 1 1
426 2 2
426 3 3
426 4 4
426 7 5
426 8 6
426 9 9
426 10 9
426 11 10
426 12 11
426 12 12
426 13 13
426 14 14
426 15 8
426 16 7
426 17 15
427 1 1
427 2 2
427 3 3
427 4 4
427 5 5
427 6 6
427 6 7
427 7 8
427 8 12
427 9 10
427 10 11
427 11 14
427 12 15
427 13 16
427 14 17
427 15 18
427 16 19
427 17 13
427 19 20
427 20 21
427 21 22
427 21 23
427 22 22
427 22 23
427 23 22
427 23 23
427 24 22
427 24 23
427 26 26
427 27 27
427 28 34
427 28 35
427 29 36
427 29 37
427 30 32
427 31 33
427 32 38
428 1 1
428 2 2
428 3 3
428 3 4
428 4 5
428 5 6
428 6 7
428 6 8
428 7 10
428 8 11
428 10 13
428 11 12
428 11 14
428 12 9
428 13 15
429 1 1
429 2 2
429 2 3
429 3 4
429 3 5
429 4 6
429 5 7
429 6 8
429 7 9
429 8 11
429 9 12
429 10 13
429 11 14
429 12 16
430 1 1
430 2 2
430 3 4
430 4 5
430 5 6
430 6 3
430 7 7
431 1 1
431 2 4
431 2 5
431 3 3
431 4 12
431 5 12
431 6 8
431 7 7
431 8 6
431 8 8
431 9 9
431 9 10
431 9 11
431 10 13
432 1 1
432 2 2
432 2 3
432 2 4
432 3 5
432 4 6
432 5 7
432 6 8
432 7 9
432 8 10
432 9 15
432 11 12
432 12 12
432 13 13
432 14 14
432 15 11
432 16 16
432 17 17
432 18 18
432 19 19
432 20 20
432 21 21
432 22 22
432 23 23
432 24 24
433 1 1
433 2 2
433 3 3
433 4 4
433 4 5
433 5 4
433 5 5
433 7 6
433 8 6
433 9 11
433 10 12
433 11 13
433 12 9
433 13 10
433 14 14
433 15 15
433 16 17
433 17 17
433 18 17
433 19 16
433 20 8
433 21 8
433 22 7
433 23 18
433 24 19
433 25 22
433 26 23
433 27 20
433 27 21
433 28 24
433 29 25
433 30 26
433 32 25
433 33 25
433 34 25
433 35 25
433 36 25
433 37 27
434 1 1
434 2 1
434 3 2
434 4 3
434 5 4
434 6 6
434 7 7
434 7 8
434 8 5
434 9 9
434 10 10
434 11 11
434 11 12
434 11 13
434 12 18
434 13 19
434 14 20
434 15 16
434 17 21
434 18 23
434 19 24
434 20 21
434 21 21
434 22 25
435 1 1
435 2 2
435 4 3
435 5 4
435 6 6
435 6 7
435 7 8
435 8 9
435 9 10
435 10 11
435 11 12
435 12 5
435 13 13
435 15 14
435 16 15
435 17 16
435 18 16
435 20 17
435 21 18
435 22 22
435 23 22
435 24 23
435 25 24
435 26 25
435 27 26
435 28 27
435 28 28
435 29 29
435 30 31
435 31 32
435 32 33
435 33 30
435 34 35
435 35 34
435 36 36
436 1 8
436 2 9
436 6 1
436 7 2
436 8 3
436 9 4
436 10 5
436 10 6
436 15 15
436 16 16
436 17 17
436 18 18
436 19 19
436 20 14
436 21 10
436 21 11
436 21 12
436 21 13
436 22 21
436 23 22
436 24 22
436 26 23
436 27 24
436 28 25
436 29 26
437 1 1
437 2 2
437 4 3
437 5 4
437 6 7
437 7 8
437 8 9
437 8 10
437 8 11
437 9 18
437 10 19
437 11 20
437 12 21
437 13 14
437 13 15
437 14 13
437 15 14
437 15 15
437 17 22
437 19 26
437 20 27
437 20 28
437 20 29
437 21 30
437 22 31
437 23 33
437 23 34
437 23 35
437 23 32
437 24 36
437 25 37
437 25 38
437 26 25
437 27 25
437 28 23
437 28 24
437 29 39
438 1 2
438 1 3
438 1 4
438 2 9
438 2 7
438 2 8
438 3 6
438 4 1
438 5 11
438 6 12
438 7 10
438 8 13
439 1 1
439 2 2
439 3 2
439 4 3
439 5 4
439 6 5
439 7 6
439 8 7
439 9 8
439 10 9
439 11 10
439 12 11
439 13 12
440 1 1
440 2 2
440 3 3
440 4 4
440 6 8
440 7 9
440 8 10
440 8 11
440 9 12
440 10 13
440 11 14
440 12 15
440 12 16
440 13 17
440 13 18
440 14 5
440 14 6
440 14 7
440 15 19
441 1 5
441 1 6
441 2 7
441 3 8
441 4 1
441 5 2
441 6 3
441 7 4
441 8 9
441 9 13
441 9 14
441 9 15
441 10 12
441 11 10
441 12 11
441 13 12
441 14 16
442 1 1
442 2 3
442 5 5
442 5 6
442 6 7
442 7 8
442 8 8
442 9 2
442 10 2
442 11 9
442 12 11
442 13 10
442 14 11
442 16 14
442 17 15
442 18 12
442 19 13
442 20 16
443 1 3
443 2 1
443 3 2
443 4 6
443 5 7
443 6 5
443 7 4
443 8 8
444 1 3
444 2 4
444 2 5
444 2 6
444 3 1
444 4 1
444 5 1
444 6 4
444 6 5
444 6 6
444 7 7
444 8 8
444 9 9
444 10 10
444 11 14
444 12 15
444 13 16
444 14 16
444 15 17
444 16 18
444 17 19
444 18 20
444 19 21
444 19 22
444 19 23
444 19 24
444 20 25
444 20 26
444 21 11
444 21 12
444 21 13
444 22 27
444 23 28
444 24 30
444 25 31
444 26 32
444 27 33
444 28 34
444 29 35
444 30 36
444 30 37
444 31 38
444 31 39
444 32 29
444 33 40
445 1 1
445 1 2
445 1 3
445 2 5
445 2 7
445 3 4
445 4 10
445 5 11
445 6 12
445 7 6
445 9 9
445 9 8
445 10 13
445 11 14
445 11 15
445 12 16
445 13 17
445 13 18
445 14 20
445 15 21
445 15 22
445 16 23
445 17 25
445 17 24
445 18 26
445 19 27
445 20 28
445 20 29
445 21 7
445 22 30
446 1 4
446 1 5
446 2 1
446 3 1
446 4 2
446 5 3
446 6 3
446 7 3
446 8 6
446 9 7
446 10 11
446 10 12
446 10 13
446 11 9
446 12 10
446 13 7
446 14 8
446 15 14
447 1 1
447 1 2
447 2 8
447 4 3
447 5 4
447 6 6
447 7 7
447 9 5
447 10 9
447 11 10
447 12 11
447 13 12
448 1 1
448 2 2
448 4 3
448 5 5
448 6 6
448 7 7
448 7 8
448 8 11
448 9 2
448 10 4
448 12 12
448 13 16
448 14 17
448 15 18
448 16 19
448 17 20
448 18 21
448 19 22
448 20 22
448 21 23
448 22 15
448 23 13
448 24 24
449 1 1
449 2 7
449 3 2
449 3 3
449 4 5
449 5 6
449 7 9
449 8 10
449 9 11
449 10 8
449 11 12
450 1 1
450 2 2
450 5 10
450 5 11
450 7 6
450 8 7
450 9 8
450 10 9
450 11 3
450 13 13
450 14 15
450 15 14
450 16 16
450 17 17
450 18 18
450 19 19
451 1 1
451 2 2
451 3 2
451 4 2
451 6 3
451 7 4
451 8 5
451 9 8
451 10 7
451 11 8
451 12 6
451 13 9
452 1 1
452 2 5
452 3 3
452 4 3
452 5 4
452 8 5
452 9 8
452 10 7
452 11 6
452 12 9
452 13 10
452 14 14
452 15 13
452 16 13
452 17 11
452 18 12
452 22 13
452 23 13
452 24 15
453 1 1
453 2 2
453 3 3
453 4 4
453 4 5
453 5 6
453 5 7
453 7 8
453 9 11
453 10 12
453 11 13
453 12 14
453 13 15
453 14 17
453 14 16
453 15 18
453 16 19
453 17 20
453 17 21
453 18 22
453 18 23
453 18 24
453 19 9
453 19 10
453 33 25
453 34 27
453 35 26
453 36 28
454 1 3
454 1 4
454 2 5
454 3 6
454 4 1
454 5 7
454 5 8
454 6 9
454 7 9
454 9 9
454 10 9
454 11 10
454 12 10
454 13 12
454 14 11
454 15 13
454 16 14
454 17 15
454 18 16
454 19 17
454 20 17
454 21 18
454 22 16
454 23 19
455 1 1
455 2 2
455 3 3
455 4 4
455 5 5
455 6 6
455 7 7
455 8 8
455 9 9
455 10 10
455 11 11
455 12 12
455 13 14
455 14 15
455 15 15
455 16 16
455 17 13
455 18 17
455 19 18
455 20 19
455 21 20
455 21 21
455 22 25
455 22 22
455 22 23
455 22 24
455 23 26
455 24 27
455 25 28
455 26 29
456 1 2
456 2 3
456 3 4
456 4 7
456 5 1
456 6 5
456 6 6
456 7 8
457 1 1
457 2 2
457 3 3
457 4 4
457 5 4
457 6 5
457 7 6
457 8 7
458 1 1
458 3 2
458 3 3
458 4 5
458 5 5
458 6 4
458 6 5
458 8 7
458 8 8
458 9 8
458 10 8
458 11 6
458 13 9
458 13 10
458 13 11
458 13 12
458 13 13
458 14 26
458 15 27
458 16 28
458 17 29
458 20 25
458 21 25
458 22 14
458 23 15
458 23 16
458 24 17
458 25 18
458 26 19
458 27 20
458 28 21
458 29 22
458 30 25
458 31 24
458 32 23
458 33 33
459 1 1
459 2 10
459 3 11
459 5 2
459 6 3
459 8 9
459 9 8
459 10 7
459 11 6
459 12 6
459 13 6
459 14 7
459 15 12
460 1 1
460 2 5
460 3 4
460 4 4
460 5 2
460 6 2
460 7 5
460 9 6
460 10 7
460 11 8
460 12 9
460 12 10
460 13 11
460 14 11
460 15 13
461 1 1
461 2 2
461 3 3
461 4 4
461 6 9
461 6 7
461 6 8
461 7 10
461 7 11
461 8 11
461 9 12
461 10 14
461 11 15
461 11 16
461 12 17
461 13 18
461 14 19
461 15 20
461 16 21
461 17 22
461 18 23
461 19 24
461 20 5
461 20 6
461 21 25
462 1 12
462 2 12
462 3 13
462 4 11
462 5 1
462 6 2
462 7 6
462 8 9
462 8 10
462 8 8
462 10 20
462 11 21
462 12 22
462 14 23
462 14 24
462 15 25
462 16 26
462 17 30
462 18 30
462 20 27
462 20 28
462 20 29
462 21 34
462 22 34
462 23 35
462 24 36
462 27 31
462 28 31
462 29 32
462 30 33
462 31 30
462 32 37
463 1 3
463 2 4
463 3 2
463 4 1
463 6 5
463 7 6
463 8 7
463 9 8
463 10 8
463 11 9
463 12 10
463 12 11
463 13 14
463 14 19
463 14 20
463 15 15
463 16 17
463 17 17
463 18 17
463 19 18
463 20 16
463 21 12
463 21 13
463 22 21
463 23 22
463 25 23
463 25 24
463 26 25
463 28 27
463 28 28
463 30 26
463 31 29
463 32 30
463 33 31
463 34 34
463 35 33
463 35 32
463 36 34
463 37 30
463 38 35
464 1 1
464 2 2
464 3 3
464 4 4
464 5 5
464 6 6
464 7 7
464 8 7
464 10 8
464 11 9
464 12 12
464 13 13
464 14 14
464 15 15
464 16 16
464 17 17
464 17 18
464 17 19
464 17 20
464 17 21
464 17 22
464 17 23
464 17 24
464 18 10
464 19 11
464 20 25
465 1 1
465 2 2
465 3 5
465 5 3
465 6 4
465 7 9
465 8 6
465 9 7
465 10 8
465 11 10
465 11 11
465 12 12
465 13 14
465 14 18
465 15 19
465 16 20
465 17 21
465 18 22
465 18 23
465 18 24
465 19 17
465 20 15
465 20 16
465 21 25
466 1 1
466 2 2
466 3 6
466 4 7
466 5 8
466 6 9
466 7 10
466 8 3
466 9 4
466 9 5
466 10 11
467 1 3
467 2 3
467 3 5
467 3 6
467 4 9
467 4 8
467 5 7
467 8 16
467 9 17
467 10 18
467 11 19
467 12 11
467 13 20
467 14 21
467 15 22
467 16 23
467 16 24
467 17 25
467 18 10
467 19 26
468 1 1
468 2 2
468 2 4
468 3 2
468 3 4
468 4 2
468 4 4
468 5 2
468 5 4
468 7 5
468 8 6
468 9 7
468 10 8
468 11 9
468 12 10
468 13 12
468 13 13
468 14 11
468 15 14
468 16 17
468 17 18
468 18 19
468 19 20
468 20 21
468 21 15
468 21 16
468 23 22
468 24 22
468 25 25
468 26 26
468 26 27
468 27 28
468 27 29
468 28 30
468 29 31
468 30 24
468 31 23
468 32 23
468 33 32
469 1 1
469 2 2
469 3 3
469 3 4
469 5 5
469 6 6
469 7 9
469 8 10
469 9 8
469 10 7
469 11 11
470 1 1
470 2 1
470 3 1
470 4 2
470 5 3
470 7 4
470 8 5
470 9 5
470 10 6
470 11 7
470 12 9
470 12 10
470 12 8
470 13 11
471 4 2
471 5 2
471 7 3
471 8 3
471 9 3
471 10 4
471 11 6
471 12 6
471 13 6
471 14 7
472 1 1
472 2 2
472 3 5
472 4 3
472 5 4
472 7 6
472 9 7
472 9 8
472 10 9
472 11 13
472 12 12
472 13 10
472 13 11
472 14 14
473 1 1
473 2 2
473 3 3
473 5 6
473 6 7
473 7 9
473 8 10
473 9 11
473 10 12
473 11 13
473 12 14
473 13 15
473 14 16
473 15 17
473 16 18
473 17 19
473 18 20
473 19 21
473 20 4
473 21 5
473 22 22
474 1 1
474 2 3
474 4 4
474 5 9
474 6 5
474 7 6
474 8 7
474 9 8
474 10 12
474 11 13
474 12 14
474 13 10
474 13 11
474 15 15
474 16 17
474 17 21
474 17 22
474 18 18
474 18 19
474 18 20
474 19 16
474 20 23
475 1 1
475 2 6
475 3 7
475 4 8
475 5 9
475 6 10
475 7 11
475 8 12
475 9 3
475 10 13
476 1 1
476 2 2
476 2 3
476 2 4
476 3 2
476 3 3
476 3 4
476 4 6
476 4 7
476 5 2
476 5 3
476 5 4
476 6 2
476 6 3
476 6 4
476 7 8
476 8 9
476 9 10
476 10 11
476 11 13
476 11 15
476 12 17
476 12 16
476 13 12
476 13 14
476 14 19
476 15 20
476 16 21
476 18 22
476 19 23
476 20 23
476 22 26
476 23 27
476 24 28
476 24 29
476 27 30
476 28 31
476 29 32
476 30 33
476 31 34
476 31 35
476 32 25
476 32 24
476 33 36
477 1 1
477 2 2
477 3 13
477 5 4
477 6 5
477 6 6
477 6 7
477 7 9
477 8 10
477 9 10
477 10 10
477 11 11
477 12 14
477 12 15
477 12 16
477 13 17
477 14 18
477 15 19
477 16 20
477 16 21
477 16 22
477 17 23
477 18 24
477 21 27
477 22 28
477 23 29
477 24 30
477 25 25
477 25 26
477 27 31
477 28 32
477 29 31
477 30 33
478 1 1
478 2 2
478 4 5
478 5 3
478 5 4
478 6 6
478 7 7
478 7 8
478 8 9
478 9 10
478 10 11
478 12 12
478 13 15
478 14 16
478 15 17
478 16 18
478 16 19
478 17 20
478 17 21
478 18 14
478 19 13
478 20 22
479 1 1
479 1 2
479 1 3
479 2 6
479 3 5
479 4 6
479 5 7
479 7 9
479 7 10
479 7 11
479 8 12
479 9 13
479 10 14
479 11 8
479 12 8
479 13 15
480 2 4
480 2 5
480 3 6
480 4 7
480 5 8
480 6 9
480 7 10
480 8 11
480 9 12
480 10 13
480 11 14
480 12 17
480 12 15
480 12 16
480 14 18
480 15 19
481 1 1
481 2 2
481 3 4
481 5 3
481 7 5
481 8 6
481 9 7
481 10 8
481 11 9
481 12 13
481 13 14
481 15 15
481 16 11
481 17 11
481 18 12
481 19 10
481 20 16
481 21 17
481 22 18
482 3 1
482 3 2
482 4 6
482 5 5
482 6 4
482 7 7
482 8 7
482 9 7
482 10 9
482 11 9
482 13 27
482 14 28
482 15 29
482 16 30
482 17 31
482 18 31
482 19 10
482 20 25
482 23 13
482 24 14
482 25 16
482 26 17
482 27 18
482 28 18
482 29 19
482 29 20
482 29 21
482 30 15
482 31 12
482 33 33
483 1 1
483 2 2
483 2 3
483 3 6
483 4 7
483 5 8
483 6 9
483 7 10
483 8 11
483 9 13
483 10 13
483 11 13
483 12 14
483 13 15
483 14 16
483 15 17
483 16 18
483 17 19
483 18 20
483 19 21
483 20 4
483 20 5
483 21 22
484 2 6
484 2 8
484 3 7
484 6 4
484 7 5
484 8 2
484 9 2
484 10 9
484 11 10
484 12 11
484 13 11
484 14 11
484 15 12
484 16 12
484 17 12
484 18 12
484 19 13
484 20 14
484 21 15
484 21 16
484 22 17
484 23 18
484 23 19
484 23 20
484 23 21
484 24 22
485 1 1
485 1 2
485 2 3
485 3 3
485 4 3
485 5 4
485 6 3
485 6 4
485 6 5
485 7 6
485 8 7
485 9 8
485 10 9
485 12 10
485 13 11
485 14 13
485 15 14
485 15 15
485 16 17
485 16 16
485 17 18
485 18 19
485 24 24
485 25 25
485 25 26
485 26 27
485 26 28
485 27 29
485 28 24
485 29 24
485 30 24
485 31 33
485 32 32
485 33 37
486 1 3
486 2 2
486 4 4
486 5 5
486 6 6
486 7 9
486 8 10
486 9 11
486 10 7
486 10 8
486 11 12
486 12 13
486 14 22
486 15 22
486 17 18
486 17 19
486 18 20
486 19 25
486 19 26
486 20 27
486 21 28
486 21 29
486 22 23
486 22 24
486 23 21
486 24 30
487 1 1
487 2 2
487 3 3
487 4 9
487 4 10
487 4 6
487 4 8
487 5 5
487 6 5
487 7 11
487 8 12
487 9 13
487 9 14
487 10 15
487 10 16
487 11 17
487 11 7
487 12 18
487 13 19
487 14 20
487 15 21
487 16 22
487 17 23
488 1 1
488 2 1
488 3 2
488 4 3
488 5 4
488 5 5
488 6 6
488 10 8
488 11 8
488 12 7
488 13 7
488 14 9
488 15 11
488 15 12
488 15 13
488 16 14
488 16 15
488 17 16
488 18 17
488 18 18
488 19 19
488 19 20
488 19 21
488 19 22
488 19 23
488 20 24
489 1 1
489 2 2
489 3 3
489 4 4
489 5 5
489 6 6
489 7 7
490 1 1
490 2 2
490 3 3
490 4 4
490 5 5
490 6 6
490 7 7
490 8 7
490 9 8
490 10 9
490 11 16
490 12 17
490 13 18
490 14 19
490 15 20
490 16 21
490 16 22
490 18 24
490 20 25
490 21 26
490 22 26
490 23 27
490 24 28
491 1 1
491 2 2
491 3 3
491 4 4
492 1 3
492 2 3
492 4 1
492 5 2
492 6 4
492 7 5
492 12 6
492 13 9
492 13 8
492 14 10
492 15 11
492 15 7
492 16 12
493 1 5
493 2 1
493 3 1
493 4 2
493 5 3
493 6 4
493 7 5
493 8 6
493 9 9
493 9 10
493 9 6
493 9 7
493 9 8
493 10 11
493 12 19
493 13 14
493 14 14
493 15 14
493 16 15
493 17 16
493 18 17
493 19 12
493 19 13
493 20 20
493 21 23
493 22 24
493 23 25
493 24 21
493 25 21
493 26 26
493 27 27
493 28 29
493 28 30
493 29 32
493 30 33
493 31 34
493 32 35
493 33 31
493 34 28
493 35 36
494 1 1
494 2 2
494 6 6
494 7 6
494 9 3
494 9 4
494 9 5
494 10 2
494 11 10
494 12 6
494 13 11
494 14 8
494 15 9
494 18 13
494 19 13
494 20 13
494 21 15
494 22 16
494 23 17
494 24 18
494 24 19
494 25 20
494 26 20
494 27 14
494 28 12
494 29 21
495 1 5
495 1 6
495 1 7
495 2 2
495 2 3
495 3 1
495 4 11
495 5 12
495 6 13
495 7 14
495 8 15
495 9 16
495 10 17
495 11 18
495 12 19
495 13 20
495 13 21
495 14 22
495 15 23
495 16 25
495 17 24
495 18 24
495 19 26
495 20 27
495 21 28
495 22 29
495 23 9
495 23 10
495 24 30
496 1 1
496 2 2
496 3 3
496 4 4
496 5 5
496 6 6
496 7 7
496 7 8
496 9 9
496 10 10
496 11 11
496 12 12
496 13 13
496 15 19
496 16 20
496 17 21
496 18 22
496 19 23
496 20 24
496 21 25
496 22 26
496 22 27
496 23 18
496 24 17
496 25 16
496 26 16
496 27 28
497 1 2
497 2 3
497 3 4
497 4 1
497 5 5
497 6 6
497 6 7
497 7 8
498 1 2
498 1 3
498 2 4
498 3 1
498 4 10
498 5 11
498 6 13
498 7 14
498 8 15
498 8 16
498 9 18
498 10 17
498 11 17
498 13 6
498 14 8
498 15 9
498 16 9
498 17 9
498 18 12
498 19 19
499 1 1
499 2 10
499 3 9
499 4 2
499 5 3
499 6 5
499 7 6
499 7 7
499 8 4
499 9 8
499 10 11
499 11 12
499 13 13
499 14 13
499 16 14
499 17 17
499 20 15
499 20 16
499 21 19
499 22 22
499 23 23
499 23 24
499 24 24
499 25 25
499 25 26
499 26 20
499 27 27
500 1 1
500 1 2
500 1 3
500 1 4
500 2 11
500 3 16
500 4 6
500 5 7
500 6 8
500 7 9
500 7 10
500 8 13
500 9 12
500 10 17
501 1 1
501 2 2
501 2 3
501 2 4
501 3 5
501 3 6
501 4 7
501 5 11
501 6 13
501 7 12
501 7 13
501 8 10
501 9 9
501 10 9
501 11 9
501 11 8
501 12 14
501 13 15
501 14 16
501 15 17
501 16 18
501 16 19
501 16 20
501 17 22
501 17 23
501 18 24
501 19 25
501 20 26
501 21 28
501 22 29
501 22 30
501 23 21
501 24 33
502 1 7
502 2 8
502 3 9
502 3 10
502 4 11
502 5 12
502 5 13
502 6 1
502 6 2
502 6 3
502 8 4
502 8 5
502 9 14
502 10 16
502 11 15
502 12 17
502 13 18
502 14 21
502 15 20
502 16 19
502 17 22
503 1 1
503 2 3
503 3 4
503 4 5
503 4 6
503 4 7
503 5 9
503 5 8
503 6 12
503 7 13
503 8 14
503 9 15
503 10 11
503 11 10
503 14 17
503 14 16
503 15 18
503 16 19
503 17 20
503 18 21
503 18 22
503 18 23
503 19 24
503 20 26
503 21 25
503 21 26
503 25 27
503 26 32
503 27 30
503 28 31
503 29 33
503 30 35
503 31 34
503 31 36
503 32 29
503 33 39
504 1 1
504 2 2
504 3 3
504 6 4
504 8 5
504 10 6
504 11 6
504 12 7
504 13 9
504 14 12
504 15 14
504 16 13
504 17 13
504 18 10
504 18 11
504 18 8
504 19 15
505 1 1
505 2 2
505 3 3
505 4 4
505 5 5
505 5 6
505 6 9
505 7 10
505 8 11
505 10 12
505 10 13
505 10 14
505 11 7
505 11 8
505 12 15
506 1 1
506 2 2
506 3 3
506 5 4
506 5 5
506 6 8
506 7 6
506 7 7
506 9 9
506 10 10
506 11 11
506 12 12
506 13 13
506 14 14
507 1 4
507 1 5
507 1 6
507 2 7
507 3 9
507 3 8
507 4 10
507 4 12
507 5 11
507 6 13
507 7 14
507 8 14
507 9 14
507 11 18
507 11 19
507 11 20
507 13 17
507 14 22
507 15 22
507 16 22
507 17 23
507 18 24
507 19 24
507 20 15
507 20 16
507 21 25
