0001 1 1
0001 2 2
0002 1 1
0002 2 2
0003 1 1
0003 2 2
0003 3 3
0003 4 4
0004 1 1
0004 2 2
0004 3 3
0004 4 4
0005 1 1
0005 2 2
0005 3 3
0005 4 4
0006 2 3
0006 3 1
0006 4 4
0006 5 5
0006 6 7
0006 7 8
0006 8 9
0006 9 12
0006 10 13
0006 11 14
0006 12 15
0006 13 16
0006 16 20
0006 16 21
0006 17 22
0006 18 23
0006 19 24
0006 20 25
0007 4 2
0008 4 2
0009 1 1
0009 2 3
0009 3 4
0009 4 5
0009 5 6
0009 8 9
0009 9 10
0009 10 11
0009 11 13
0009 12 15
0009 13 16
0010 1 1
0010 1 2
0010 2 3
0010 3 5
0010 4 6
0010 5 8
0010 6 9
0010 7 10
0010 8 11
0010 9 12
0010 10 14
0010 11 15
0010 12 18
0010 13 17
0010 14 19
0011 1 1
0011 2 2
0012 3 1
0012 9 6
0012 10 7
0012 11 8
0012 12 9
0012 13 10
0012 14 11
0012 15 12
0012 16 13
0012 17 14
0012 22 18
0013 1 1
0013 8 9
0013 10 10
0013 18 16
0013 19 17
0013 20 18
0013 21 20
0013 22 19
0013 23 19
0013 24 21
0014 4 4
0014 5 7
0014 6 6
0014 9 1
0014 13 3
0014 21 8
0014 22 9
0014 23 11
0014 24 17
0015 1 3
0015 4 4
0016 1 1
0016 2 2
0017 6 2
0017 6 5
0017 7 7
0017 8 8
0017 9 9
0017 10 10
0017 11 11
0017 12 12
0017 13 13
0017 16 15
0017 17 16
0017 18 17
0017 19 18
0017 20 19
0017 20 20
0017 21 22
0017 22 21
0017 23 23
0018 2 2
0018 4 6
0018 5 7
0019 3 3
0019 5 5
0019 7 7
0019 8 8
0019 9 9
0019 10 10
0019 11 12
0019 12 13
0019 13 16
0019 14 15
0019 15 17
0020 5 4
0020 6 5
0020 10 11
0020 11 12
0020 12 14
0020 13 15
0020 14 16
0020 16 19
0020 17 21
0020 18 24
0021 1 1
0021 2 3
0021 3 4
0021 4 5
0021 5 6
0021 7 10
0021 8 11
0021 10 14
0021 11 12
0021 15 22
0021 16 21
0021 17 23
0022 1 1
0022 4 5
0022 8 8
0022 9 9
0022 10 10
0023 1 1
0023 1 2
0023 1 3
0023 2 1
0023 2 2
0023 2 3
0023 3 4
0023 4 4
0023 8 7
0023 10 10
0023 11 11
0023 12 12
0023 13 13
0023 14 14
0024 1 3
0024 2 4
0025 1 1
0025 2 3
0025 3 4
0025 4 5
0025 5 6
0025 7 10
0025 8 11
0025 9 12
0025 10 13
0025 11 14
0025 12 15
0025 13 16
0025 14 17
0025 16 18
0025 18 19
0025 19 20
0025 20 21
0025 21 22
0025 22 23
0025 23 24
0025 25 26
0025 27 27
0026 3 5
0027 5 7
0027 5 8
0027 15 16
0028 1 1
0028 2 2
0028 3 3
0028 4 4
0028 5 5
0028 6 7
0028 7 8
0029 5 7
0029 6 8
0029 7 1
0029 8 3
0029 10 9
0029 11 10
0029 12 11
0029 13 13
0029 14 14
0029 15 14
0029 16 15
0029 17 16
0029 18 18
0029 19 17
0029 19 19
0029 20 18
0029 22 21
0029 23 22
0029 24 23
0030 1 5
0030 2 1
0030 3 4
0030 7 12
0030 8 13
0030 11 16
0031 1 1
0031 2 4
0031 5 2
0031 6 5
0031 7 6
0031 8 8
0031 10 10
0031 11 11
0031 12 12
0031 13 13
0031 14 14
0031 15 16
0031 16 17
0031 20 24
0032 1 9
0032 3 11
0032 4 12
0032 5 13
0032 6 14
0032 8 16
0032 14 19
0033 2 2
0033 5 4
0033 6 5
0033 7 7
0033 8 8
0033 9 9
0033 10 10
0033 11 11
0033 12 13
0033 13 13
0033 14 14
0033 15 16
0033 16 15
0033 19 17
0033 20 18
0033 21 19
0034 1 1
0034 3 4
0034 4 6
0034 5 5
0034 6 7
0034 7 8
0034 8 10
0034 9 11
0034 10 12
0034 11 13
0034 12 15
0034 15 18
0034 16 19
0034 17 20
0034 18 21
0034 19 22
0034 20 24
0034 21 25
0034 22 26
0034 23 27
0035 1 1
0035 2 2
0035 3 3
0035 4 4
0035 5 5
0035 6 6
0035 7 7
0035 8 8
0035 10 10
0035 10 11
0035 10 12
0035 11 13
0035 11 14
0035 12 15
0035 13 16
0035 15 17
0035 17 19
0036 1 1
0036 3 2
0036 3 4
0036 4 3
0036 6 6
0036 8 9
0036 9 10
0036 10 11
0036 11 12
0036 12 14
0036 14 16
0037 1 3
0037 4 6
0038 1 1
0038 3 4
0038 5 6
0038 11 17
0038 12 18
0038 16 24
0039 1 1
0039 2 2
0039 3 3
0039 4 6
0039 5 5
0039 6 7
0039 7 8
0039 8 10
0039 9 9
0039 10 11
0039 11 12
0039 12 14
0039 13 15
0039 14 13
0039 15 16
0040 2 3
0040 10 13
0040 11 14
0040 12 15
0040 13 16
0040 14 19
0040 15 20
0040 22 22
0040 23 23
0040 24 26
0041 1 1
0041 2 2
0041 3 3
0041 8 5
0041 10 8
0041 11 9
0041 12 10
0041 13 11
0041 14 12
0042 1 1
0042 2 2
0042 4 6
0042 4 7
0042 5 9
0042 6 11
0042 7 12
0042 8 13
0042 9 16
0042 10 17
0042 11 18
0042 12 21
0042 13 20
0042 14 19
0042 15 22
0042 16 23
0042 17 23
0042 22 28
0043 1 5
0043 2 7
0043 3 4
0043 6 8
0044 1 1
0044 6 4
0044 7 7
0044 8 8
0044 9 9
0044 13 19
0044 15 12
0044 16 13
0044 21 21
0045 4 2
0046 4 2
0047 1 1
0047 3 3
0047 5 4
0047 8 9
0047 9 10
0047 10 10
0047 11 11
0047 13 13
0047 14 12
0047 15 14
0047 16 15
0047 17 16
0047 18 17
0047 19 18
0047 20 19
0048 1 1
0048 4 5
0048 6 7
0048 7 8
0048 8 9
0048 10 11
0048 11 14
0048 12 13
0048 13 15
0048 14 16
0048 15 17
0048 16 18
0048 18 20
0048 19 21
0048 23 24
0048 24 27
0049 4 1
0049 5 2
0049 7 7
0049 8 8
0049 12 17
0049 13 18
0050 1 1
0050 2 2
0050 3 3
0050 4 4
0050 5 5
0050 19 12
0050 20 13
0050 22 20
0051 3 4
0051 4 5
0051 5 6
0051 6 1
0051 11 7
0051 12 8
0051 13 9
0051 14 11
0051 16 12
0051 16 13
0051 17 14
0051 18 15
0051 21 21
0051 22 23
0051 23 22
0051 24 24
0052 1 1
0052 2 2
0052 7 11
0052 8 7
0052 9 5
0052 13 16
0052 14 18
0052 14 19
0052 14 20
0052 14 21
0052 14 22
0052 14 23
0052 14 24
0052 15 25
0053 13 6
0053 14 8
0053 15 9
0053 17 11
0053 18 14
0053 19 15
0053 20 16
0053 21 23
0054 3 2
0054 3 4
0054 5 7
0054 6 8
0054 15 16
0055 4 1
0055 5 2
0055 6 2
0055 7 6
0055 8 8
0055 9 9
0055 10 11
0055 11 13
0055 12 15
0055 13 16
0055 14 18
0055 15 19
0055 17 23
0055 19 25
0055 20 26
0055 21 26
0055 22 27
0056 1 1
0056 2 2
0056 3 3
0056 4 5
0056 5 7
0056 6 9
0057 1 1
0057 2 2
0057 3 3
0057 5 9
0057 6 6
0057 11 16
0057 12 17
0057 13 18
0057 14 19
0057 15 20
0057 15 21
0057 15 22
0057 16 23
0057 17 24
0057 17 25
0057 17 26
0057 18 27
0057 19 28
0057 20 29
0057 26 30
0058 3 1
0058 4 2
0058 7 5
0058 9 8
0058 10 9
0058 11 12
0058 18 17
0059 1 6
0059 2 5
0059 3 2
0059 4 7
0059 5 8
0059 6 9
0059 7 10
0059 8 11
0059 10 13
0059 11 14
0059 12 15
0059 13 16
0059 14 17
0059 15 18
0059 16 19
0060 4 1
0060 6 2
0060 8 3
0060 10 7
0060 11 10
0060 12 8
0060 13 11
0060 14 13
0060 15 14
0060 16 16
0060 17 17
0060 18 18
0060 19 15
0060 20 19
0060 21 21
0060 22 22
0060 23 23
0060 24 24
0060 26 25
0060 27 26
0061 1 1
0061 2 3
0061 3 4
0061 4 5
0061 10 8
0061 11 9
0062 1 1
0062 2 2
0062 3 4
0062 4 6
0062 5 5
0062 6 7
0062 7 8
0062 8 11
0062 9 9
0062 10 12
0062 11 13
0063 1 1
0063 4 5
0063 10 15
0063 11 16
0064 1 1
0064 2 3
0064 3 6
0064 4 7
0064 5 11
0064 6 14
0064 7 10
0064 8 15
0064 9 16
0064 11 20
0064 12 23
0064 13 25
0064 14 24
0064 15 22
0064 16 22
0064 20 29
0065 2 3
0066 1 1
0066 2 2
0066 3 3
0066 4 5
0066 5 6
0066 13 10
0066 14 11
0066 15 12
0066 16 13
0066 17 15
0066 19 17
0066 26 24
0066 27 25
0066 29 27
0067 1 1
0067 2 2
0068 1 1
0068 2 2
0068 3 2
0068 4 3
0068 5 4
0068 6 5
0068 7 6
0068 8 8
0068 9 10
0068 10 11
0068 11 12
0068 12 14
0068 14 15
0068 15 17
0068 16 17
0068 17 18
0068 20 22
0068 24 25
0068 28 26
0069 2 1
0069 3 2
0069 6 8
0069 7 9
0069 8 9
0069 10 11
0069 11 13
0069 16 18
0069 17 19
0069 18 20
0069 19 21
0069 20 22
0069 22 23
0069 23 24
0069 24 26
0069 25 27
0069 28 28
0070 1 1
0070 3 2
0070 4 3
0070 5 4
0070 6 5
0070 7 6
0070 9 7
0070 10 10
0070 12 14
0070 18 16
0071 4 7
0071 5 9
0071 6 10
0071 7 11
0071 9 16
0071 10 17
0071 11 18
0071 12 19
0071 13 20
0072 1 1
0072 7 6
0072 8 7
0072 11 3
0072 13 11
0072 14 12
0072 15 13
0072 16 20
0072 17 21
0072 18 22
0072 27 25
0072 28 26
0072 28 27
0072 28 28
0072 29 29
0073 1 2
0073 2 3
0073 3 4
0073 4 5
0073 5 6
0073 6 7
0073 7 8
0073 8 9
0073 9 10
0073 10 11
0073 15 18
0074 1 1
0074 2 3
0074 3 4
0074 4 5
0074 5 6
0074 8 10
0074 9 11
0074 12 13
0074 13 14
0074 14 16
0074 15 19
0074 16 15
0074 17 20
0075 1 2
0075 2 3
0075 4 8
0075 5 9
0075 9 14
0075 10 15
0075 11 15
0075 12 12
0075 13 12
0075 17 16
0076 7 5
0076 8 6
0076 9 7
0076 10 8
0076 11 9
0077 1 1
0077 2 2
0077 3 3
0077 4 4
0077 5 5
0078 8 10
0079 1 1
0079 2 2
0080 1 1
0080 2 3
0080 3 4
0080 4 8
0080 5 12
0080 8 13
0080 9 14
0080 11 15
0080 13 17
0080 14 18
0080 19 24
0081 1 1
0081 2 3
0081 3 4
0081 4 5
0081 6 6
0081 7 7
0081 9 11
0081 10 12
0081 11 13
0081 12 14
0082 1 1
0082 2 2
0082 4 3
0082 5 4
0082 6 5
0082 7 6
0082 8 7
0082 10 8
0082 11 9
0082 12 10
0082 17 19
0082 18 17
0082 20 21
0082 21 22
0082 22 23
0083 2 10
0083 9 5
0083 10 6
0083 11 15
0083 11 16
0083 12 21
0083 20 30
0084 1 1
0084 3 3
0084 10 7
0084 11 8
0084 12 9
0084 14 11
0084 16 12
0084 17 13
0084 18 15
0084 18 16
0084 19 17
0084 20 18
0084 21 19
0084 27 24
0085 1 3
0085 2 3
0085 3 4
0085 5 9
0085 6 10
0085 14 14
0086 1 1
0086 4 7
0086 5 8
0086 6 9
0086 7 10
0086 9 14
0086 13 19
0086 14 20
0086 15 21
0087 1 1
0087 6 10
0087 7 11
0087 8 12
0087 9 13
0087 10 14
0087 11 15
0087 12 16
0087 13 17
0088 2 9
0088 3 8
0088 5 10
0088 9 14
0088 10 15
0088 11 16
0088 12 21
0088 13 18
0088 14 22
0089 7 5
0089 8 9
0089 9 9
0089 10 10
0089 11 16
0089 12 19
0089 13 17
0089 18 11
0089 20 20
0089 21 22
0089 22 23
0089 23 25
0089 25 26
0090 1 1
0090 4 6
0090 5 5
0090 9 16
0090 10 17
0090 11 18
0090 12 19
0090 13 20
0090 14 21
0090 15 22
0091 1 1
0091 3 2
0091 3 5
0091 15 16
0092 1 1
0092 10 8
0092 13 10
0092 14 14
0092 15 15
0092 17 16
0092 18 17
0092 19 18
0092 20 19
0093 5 1
0093 5 2
0093 5 3
0093 6 5
0093 10 11
0093 12 12
0093 14 13
0093 14 16
0093 18 17
0093 21 20
0093 22 21
0093 23 22
0094 1 1
0094 2 2
0094 3 3
0094 4 4
0094 5 5
0094 6 6
0094 7 7
0094 8 8
0094 9 12
0094 11 14
0094 12 15
0094 13 16
0094 25 24
0095 7 6
0095 8 7
0095 9 8
0095 10 9
0095 11 10
0095 12 11
0095 13 12
0095 14 13
0095 15 14
0095 16 15
0095 17 16
0096 1 2
0096 2 3
0096 3 4
0096 4 5
0096 5 6
0096 6 7
0096 7 8
0096 8 9
0096 9 11
0096 10 12
0096 12 14
0097 7 8
0097 9 9
0097 13 19
0097 18 12
0097 19 11
0098 3 4
0098 4 5
0098 6 8
0098 8 10
0098 10 13
0098 14 15
0098 15 16
0098 17 21
0098 18 22
0099 1 1
0099 2 2
0099 3 3
0099 4 4
0099 5 5
0100 1 3
0100 2 4
0100 4 7
0100 5 8
0100 8 1
0100 9 2
0100 10 10
0100 11 11
0100 13 14
0100 15 15
0100 16 16
0100 17 17
0100 19 19
0100 19 20
0100 20 21
0100 21 22
0100 23 24
0100 24 25
0100 25 26
0100 26 27
0100 27 28
0100 30 29
0101 2 1
0101 2 4
0101 3 3
0101 4 7
0101 5 8
0101 9 9
0102 1 1
0102 2 2
0102 2 4
0102 3 5
0102 4 6
0102 5 7
0102 6 8
0102 7 10
0102 15 14
0103 1 3
0103 2 4
0103 3 5
0103 6 6
0103 7 7
0103 8 8
0103 9 17
0103 10 18
0103 11 20
0103 12 19
0103 13 21
0103 14 23
0103 15 24
0103 16 25
0103 18 12
0103 19 11
0103 20 13
0103 21 16
0103 22 15
0103 23 26
0104 1 4
0104 3 7
0104 4 1
0104 7 9
0104 10 11
0104 11 12
0104 12 13
0104 13 14
0105 1 1
0105 2 2
0105 3 6
0105 3 7
0105 3 8
0105 3 9
0105 4 12
0105 5 3
0105 6 14
0105 7 15
0105 8 16
0105 9 17
0106 1 1
0106 2 3
0106 3 4
0106 4 5
0106 5 7
0106 9 10
0106 10 16
0106 11 13
0106 12 14
0106 13 11
0106 14 17
0107 1 1
0107 2 3
0107 3 6
0107 4 7
0107 5 8
0107 11 17
0107 12 18
0107 13 19
0107 14 20
0107 15 22
0107 17 25
0107 21 29
0107 22 30
0108 4 3
0108 6 6
0108 8 7
0108 11 11
0108 12 12
0108 13 13
0108 14 14
0108 16 16
0108 19 22
0108 20 23
0108 21 24
0109 1 1
0109 3 3
0109 4 4
0109 6 7
0109 7 9
0109 10 11
0109 12 15
0109 13 16
0109 14 17
0109 15 18
0109 16 19
0109 19 23
0110 1 1
0110 4 3
0110 7 6
0110 8 7
0111 1 1
0111 2 6
0111 3 5
0111 4 2
0111 5 7
0111 7 8
0111 12 14
0111 13 15
0112 2 3
0112 8 9
0112 10 12
0112 13 16
0112 14 17
0112 15 18
0112 17 20
0112 18 21
0112 19 22
0112 20 23
0112 21 26
0112 22 25
0112 23 27
0113 4 4
0113 5 5
0113 6 6
0114 1 2
0114 4 4
0114 6 6
0114 7 7
0114 8 8
0114 9 9
0114 10 13
0114 11 10
0114 12 14
0114 17 18
0114 21 20
0114 22 23
0114 23 24
0114 24 25
0114 25 26
0115 1 1
0115 2 3
0115 4 6
0115 5 5
0115 7 8
0115 8 9
0115 9 10
0116 1 1
0116 2 2
0116 3 3
0116 4 5
0116 5 6
0117 2 3
0117 3 4
0117 4 5
0117 5 6
0117 6 7
0117 8 9
0117 9 10
0117 10 12
0117 11 11
0117 12 13
0117 13 14
0117 16 16
0117 18 19
0117 19 20
0117 20 21
0117 21 22
0118 1 1
0118 4 3
0118 5 4
0118 6 6
0118 7 7
0118 8 8
0118 9 9
0118 10 10
0118 13 16
0119 1 1
0119 2 2
0119 3 3
0119 12 14
0119 13 18
0119 14 15
0119 16 16
0119 16 19
0119 17 20
0119 19 21
0119 20 22
0119 22 24
0119 23 25
0119 24 26
0119 25 27
0119 26 28
0120 1 1
0120 4 4
0120 5 5
0120 7 7
0120 9 10
0121 11 7
0121 12 8
0121 13 11
0121 19 15
0121 20 16
0121 21 17
0121 22 17
0121 23 18
0122 1 1
0122 2 3
0122 3 4
0122 5 9
0122 6 10
0122 7 12
0122 9 13
0122 10 14
0122 11 15
0122 14 18
0122 15 16
0122 16 27
0123 1 1
0123 2 2
0123 3 3
0123 5 4
0123 6 5
0123 7 6
0123 8 7
0123 11 9
0123 12 10
0123 13 11
0123 14 13
0123 15 12
0123 18 18
0123 19 19
0123 20 20
0123 21 22
0123 22 21
0123 23 23
0124 1 1
0124 2 2
0125 1 1
0125 2 2
0125 3 3
0125 4 4
0125 5 5
0125 6 8
0125 7 10
0125 8 11
0125 9 15
0125 10 16
0125 12 12
0125 13 17
0125 15 19
0125 16 20
0125 24 23
0125 25 24
0125 26 25
0126 2 4
0126 3 5
0126 4 7
0126 5 8
0126 6 1
0126 11 11
0126 12 11
0126 13 13
0126 15 14
0127 1 1
0127 3 4
0127 4 5
0127 5 6
0127 6 7
0127 7 8
0127 13 12
0127 14 13
0127 15 14
0127 16 15
0127 20 17
0127 23 20
0127 24 21
0127 25 21
0127 26 24
0128 1 1
0128 2 2
0128 3 4
0128 7 10
0128 9 11
0128 10 13
0128 11 14
0128 12 15
0128 14 18
0128 15 19
0128 16 17
0128 18 24
0128 19 25
0128 20 26
0129 11 10
0129 12 11
0129 15 17
0129 16 18
0129 18 19
0130 10 4
0130 11 5
0130 12 10
0131 2 3
0131 10 7
0131 14 10
0131 16 12
0131 17 13
0131 19 16
0131 21 18
0131 24 19
0132 1 1
0132 2 2
0132 6 3
0132 8 8
0132 9 9
0132 11 11
0133 6 10
0133 7 11
0134 1 1
0134 3 4
0134 4 5
0134 5 7
0134 6 8
0134 7 9
0134 10 11
0134 10 13
0134 11 16
0134 12 15
0134 13 17
0135 1 1
0135 2 2
0135 5 7
0135 7 12
0136 5 2
0136 8 5
0136 10 6
0136 12 8
0136 14 10
0136 15 11
0136 16 14
0136 18 15
0137 1 1
0137 2 3
0137 3 2
0137 6 6
0137 7 7
0137 8 8
0137 9 9
0137 10 10
0137 13 13
0137 14 16
0137 15 17
0137 20 18
0138 1 3
0138 1 4
0138 1 5
0138 2 6
0138 7 10
0139 3 1
0139 9 5
0139 11 14
0139 13 18
0140 5 5
0140 10 9
0140 11 10
0140 12 11
0141 1 1
0141 3 4
0141 4 5
0141 8 7
0141 10 12
0141 11 13
0141 12 13
0141 13 14
0141 16 17
0141 17 18
0141 18 19
0142 1 1
0142 3 2
0142 4 9
0142 11 14
0142 12 15
0142 14 17
0142 15 19
0142 16 20
0142 18 22
0142 19 23
0143 1 1
0143 3 3
0143 4 4
0143 5 5
0143 6 7
0143 8 8
0143 9 9
0144 1 3
0144 3 4
0144 4 5
0144 7 8
0144 10 10
0144 12 12
0144 17 17
0144 18 18
0144 21 19
0144 22 20
0144 26 25
0144 27 26
0145 1 1
0145 2 3
0145 3 4
0146 1 1
0146 1 2
0146 2 3
0146 6 9
0146 8 11
0146 9 12
0146 10 8
0146 11 13
0147 4 2
0147 8 6
0147 11 8
0147 13 9
0148 1 1
0148 2 2
0148 3 3
0148 4 4
0148 5 5
0148 6 6
0148 7 7
0148 8 8
0148 9 9
0148 10 10
0148 11 11
0148 12 12
0148 13 13
0148 14 16
0148 15 14
0148 16 17
0148 16 18
0148 16 19
0148 18 20
0148 19 21
0148 20 26
0148 22 23
0148 23 22
0148 24 30
0149 1 1
0149 2 3
0149 3 4
0149 4 5
0149 6 10
0149 7 11
0149 8 12
0149 9 13
0149 10 14
0149 11 15
0149 12 18
0149 13 16
0150 3 2
0150 8 9
0150 9 11
0150 10 10
0150 11 12
0150 12 13
0150 16 14
0150 17 17
0150 18 19
0150 22 20
0150 23 22
0150 27 29
0151 3 3
0151 6 16
0151 7 13
0151 8 14
0151 11 8
0151 13 17
0152 1 8
0152 2 9
0152 4 7
0152 6 10
0152 8 12
0152 9 13
0153 1 1
0153 2 2
0153 3 3
0153 4 4
0153 5 5
0153 6 6
0153 8 8
0153 9 9
0153 10 10
0153 13 14
0153 15 15
0153 17 11
0153 18 12
0153 19 13
0153 22 17
0154 4 6
0154 9 11
0154 10 12
0154 11 13
0154 13 15
0154 17 18
0155 7 23
0155 8 26
0155 12 7
0155 13 8
0155 17 9
0155 20 27
0156 1 1
0156 3 4
0156 4 5
0156 5 3
0156 6 9
0157 4 1
0157 5 2
0157 6 3
0157 7 5
0157 12 9
0157 13 10
0157 14 11
0157 18 23
0158 1 2
0158 4 4
0158 7 8
0158 8 9
0159 4 4
0159 5 5
0159 6 5
0159 7 6
0159 8 9
0159 9 7
0159 10 10
0159 11 11
0159 12 12
0159 13 13
0160 1 3
0161 3 2
0161 5 7
0161 6 6
0161 6 8
0161 7 9
0161 8 10
0161 9 11
0161 11 13
0161 12 14
0161 13 15
0161 14 16
0162 1 5
0162 2 6
0162 4 1
0162 6 4
0162 7 7
0162 8 8
0162 8 9
0162 11 12
0162 11 13
0162 12 14
0162 16 17
0162 17 18
0162 18 20
0162 21 23
0162 22 24
0163 1 1
0163 2 2
0163 7 8
0163 9 10
0163 13 12
0164 13 13
0164 14 14
0164 17 20
0164 18 21
0164 20 23
0164 21 24
0164 22 25
0164 25 29
0165 1 1
0165 2 2
0165 3 3
0165 4 4
0165 7 7
0165 8 8
0165 14 11
0165 15 12
0165 17 14
0165 18 16
0165 21 18
0166 1 1
0166 2 2
0166 3 4
0166 3 7
0166 5 8
0166 6 9
0166 7 10
0166 7 11
0166 8 12
0166 10 13
0166 11 14
0166 12 15
0166 13 17
0166 14 18
0166 19 20
0166 23 25
0166 24 26
0166 25 27
0167 1 3
0167 2 4
0167 4 8
0168 5 5
0168 7 6
0168 9 14
0168 10 16
0168 11 15
0168 12 17
0168 13 7
0168 14 8
0168 15 9
0168 16 18
0168 18 20
0168 19 21
0168 20 21
0168 21 22
0168 22 23
0168 24 27
0168 25 28
0168 26 24
0168 27 29
0169 4 3
0169 5 4
0169 6 6
0169 7 7
0169 9 9
0169 10 16
0169 12 14
0169 13 10
0169 14 18
0169 16 23
0169 17 25
0169 22 28
0170 1 1
0170 2 2
0170 3 3
0170 4 4
0170 5 5
0170 8 8
0171 3 6
0171 4 8
0171 5 9
0171 8 11
0171 9 10
0171 14 1
0171 15 2
0171 16 4
0171 18 23
0172 3 10
0172 6 13
0172 7 14
0172 8 16
0172 10 1
0172 11 2
0172 13 4
0172 14 3
0172 18 21
0172 19 25
0172 20 22
0172 21 17
0172 21 19
0172 23 20
0173 1 1
0173 2 2
0173 3 2
0173 5 3
0173 6 4
0173 7 5
0173 8 7
0173 9 6
0173 10 8
0173 11 9
0173 12 11
0173 13 12
0174 1 1
0174 2 2
0174 7 8
0174 8 9
0174 9 11
0174 10 12
0174 11 13
0174 12 14
0174 13 16
0174 14 15
0174 16 17
0174 16 19
0174 18 23
0174 19 21
0174 20 24
0175 1 1
0175 4 5
0175 5 6
0176 1 1
0176 2 2
0176 5 8
0176 6 9
0176 7 10
0176 11 17
0176 12 15
0176 15 22
0176 16 23
0176 17 24
0176 18 25
0176 20 26
0176 21 28
0177 1 1
0177 2 2
0177 3 3
0177 4 4
0177 6 5
0177 9 8
0177 10 10
0177 12 11
0178 1 1
0178 3 4
0178 4 5
0178 6 8
0178 7 10
0178 8 9
0178 9 11
0178 10 12
0178 11 13
0178 12 14
0178 13 16
0178 14 17
0179 4 2
0179 6 3
0179 7 4
0179 8 5
0179 9 6
0180 1 1
0180 2 2
0180 5 7
0180 6 6
0180 7 8
0181 1 1
0181 2 2
0181 5 5
0181 7 6
0181 11 8
0181 12 8
0181 13 14
0182 1 1
0182 2 2
0182 3 3
0182 4 5
0182 5 6
0182 5 8
0182 9 9
0182 10 10
0182 11 13
0182 12 14
0182 13 15
0182 17 20
0183 1 1
0183 2 2
0183 4 5
0183 5 6
0184 1 1
0184 2 5
0184 8 6
0185 1 1
0185 3 4
0185 4 5
0185 5 6
0185 6 6
0185 7 7
0185 8 8
0185 9 9
0186 2 2
0186 3 5
0186 4 3
0186 5 7
0186 6 8
0186 7 9
0186 7 10
0186 8 11
0186 9 12
0186 10 13
0186 11 14
0186 12 15
0187 3 3
0187 7 8
0187 8 9
0187 10 13
0187 11 14
0187 12 14
0187 13 11
0187 19 18
0188 1 10
0188 2 11
0188 11 17
0189 1 1
0189 3 4
0189 4 5
0189 7 7
0189 8 9
0189 9 11
0189 10 10
0189 10 12
0189 11 13
0189 13 15
0189 14 16
0189 16 19
0189 17 18
0189 18 20
0190 1 4
0190 2 6
0190 5 8
0190 7 9
0190 8 11
0190 10 13
0190 12 15
0190 13 19
0190 15 20
0191 1 1
0191 2 2
0191 3 3
0191 4 4
0191 5 5
0192 2 3
0192 3 4
0192 4 5
0192 5 6
0192 7 8
0192 8 9
0192 9 11
0192 10 10
0192 11 12
0193 1 1
0193 3 2
0193 3 4
0193 4 3
0193 5 5
0193 8 8
0193 9 10
0193 10 11
0193 12 13
0193 13 14
0193 18 24
0193 19 25
0193 20 26
0193 22 29
0194 1 1
0194 2 2
0194 3 3
0194 4 4
0194 5 5
0194 6 6
0194 7 7
0194 8 8
0194 9 9
0194 10 11
0194 11 10
0194 12 12
0195 4 1
0195 5 3
0195 6 4
0195 8 8
0195 9 9
0195 15 14
0195 16 15
0195 18 17
0196 12 15
0196 13 16
0196 15 11
0196 16 10
0196 19 18
0196 21 20
0197 2 1
0197 6 5
0197 7 6
0197 8 10
0197 9 11
0197 11 13
0197 12 15
0197 13 16
0197 14 17
0197 15 18
0197 16 21
0197 17 20
0197 18 19
0197 19 22
0197 20 23
0197 21 24
0198 1 1
0198 2 2
0198 5 7
0198 7 11
0198 8 12
0198 11 13
0198 13 15
0198 14 16
0198 15 17
0199 4 3
0200 1 1
0200 2 12
0200 3 13
0200 5 2
0200 6 3
0200 6 4
0200 7 5
0200 8 6
0200 9 7
0200 10 8
0200 11 9
0200 12 14
0201 1 3
0201 2 4
0201 8 1
0201 12 9
0202 3 2
0202 4 3
0202 8 5
0202 9 6
0202 16 17
0202 17 18
0202 18 19
0202 19 16
0202 20 20
0202 21 21
0202 22 23
0202 23 22
0202 24 24
0203 3 1
0203 4 2
0203 7 3
0203 11 5
0203 12 6
0203 16 8
0203 17 9
0204 5 4
0204 6 5
0204 7 7
0204 9 11
0204 11 17
0204 14 18
0205 4 1
0205 5 2
0205 6 2
0205 7 3
0205 8 4
0205 9 5
0205 10 6
0205 11 7
0205 12 8
0205 13 9
0205 14 14
0206 1 1
0206 3 4
0206 4 5
0206 10 8
0206 11 9
0207 1 1
0207 2 2
0207 5 7
0207 7 8
0208 1 1
0208 2 2
0208 5 6
0208 11 12
0208 12 13
0208 12 14
0208 15 20
0208 17 18
0208 18 15
0208 19 16
0208 20 24
0209 6 9
0209 7 6
0209 8 11
0209 10 15
0210 1 1
0210 2 2
0210 3 5
0210 12 9
0211 3 1
0211 4 2
0211 8 4
0211 9 5
0211 10 6
0211 11 7
0211 12 12
0212 1 1
0212 2 2
0212 3 3
0212 5 4
0212 6 5
0212 7 7
0212 8 8
0212 9 9
0212 10 9
0212 11 10
0212 12 11
0212 13 12
0213 1 2
0214 2 3
0214 3 4
0214 4 5
0214 6 6
0214 7 10
0214 8 11
0214 9 12
0214 10 13
0214 14 14
0215 3 1
0215 4 2
0215 5 3
0215 7 6
0215 8 7
0215 8 8
0215 9 9
0215 13 12
0215 14 14
0215 15 13
0215 16 17
0215 20 22
0215 21 23
0215 22 24
0215 23 25
0216 9 7
0216 13 6
0216 14 5
0216 15 9
0216 17 14
0216 18 15
0217 1 1
0217 2 2
0217 3 3
0217 4 4
0217 5 5
0217 6 6
0217 7 7
0217 8 8
0217 9 9
0217 10 10
0217 11 11
0217 11 12
0217 14 17
0217 19 21
0217 20 22
0217 21 23
0217 22 24
0217 24 25
0217 25 26
0217 26 27
0218 1 1
0218 2 2
0218 5 4
0219 1 1
0219 2 5
0219 3 7
0219 4 8
0219 5 9
0219 6 10
0219 7 11
0219 8 13
0219 9 14
0219 10 15
0219 11 16
0219 12 17
0219 14 19
0220 1 1
0220 2 2
0220 3 4
0220 4 5
0220 5 6
0220 8 9
0220 9 10
0220 11 11
0220 12 12
0220 13 13
0220 16 16
0220 17 17
0220 18 18
0220 20 20
0221 2 3
0221 3 2
0221 3 4
0221 4 5
0221 5 6
0221 6 7
0221 8 13
0221 9 14
0221 13 21
0222 2 25
0222 3 26
0222 4 24
0222 6 2
0222 7 3
0222 8 4
0222 9 5
0222 10 6
0222 14 9
0222 16 11
0222 17 12
0222 18 13
0222 22 22
0222 26 30
0223 2 5
0223 5 9
0224 1 1
0224 2 3
0224 3 4
0224 4 5
0224 5 10
0224 6 11
0224 7 12
0224 8 13
0224 9 14
0224 10 15
0224 12 17
0224 16 21
0224 17 25
0224 18 22
0224 20 6
0224 21 7
0224 22 7
0224 27 26
0225 1 1
0225 2 3
0225 3 2
0225 4 4
0225 5 4
0225 9 8
0225 10 9
0225 11 11
0226 1 1
0226 2 2
0226 3 3
0226 4 4
0226 8 6
0226 10 11
0226 14 14
0226 14 15
0226 14 16
0226 16 18
0226 17 19
0226 19 21
0227 3 1
0227 5 2
0227 8 5
0227 9 6
0227 10 10
0227 10 11
0227 11 12
0227 12 14
0227 13 13
0227 16 18
0227 19 25
0227 25 30
0228 1 1
0228 5 7
0228 7 12
0228 8 13
0228 18 22
0229 1 4
0229 2 5
0229 4 7
0229 5 9
0229 6 10
0229 9 2
0229 12 19
0229 13 20
0229 20 27
0230 1 1
0230 5 3
0230 7 4
0230 8 5
0230 9 6
0230 10 8
0230 11 9
0230 12 10
0230 13 11
0230 14 12
0230 15 13
0230 16 14
0230 24 24
0231 2 1
0231 3 2
0231 4 4
0231 5 5
0231 6 6
0231 7 9
0231 8 10
0231 9 11
0231 13 14
0231 15 15
0231 16 20
0231 17 21
0231 18 22
0231 19 24
0231 24 27
0231 25 29
0231 26 28
0231 27 30
0232 1 1
0232 2 5
0232 3 2
0232 3 4
0232 4 6
0232 6 12
0232 7 11
0232 8 13
0232 9 14
0232 10 19
0232 11 16
0232 12 20
0233 8 8
0233 9 9
0233 10 10
0233 20 19
0233 21 27
0233 22 28
0233 23 20
0233 24 21
0233 25 22
0233 26 26
0233 28 29
0234 1 4
0234 2 1
0234 2 2
0234 3 5
0234 4 6
0234 5 7
0234 6 8
0234 7 10
0234 8 9
0234 9 11
0234 10 12
0234 11 14
0234 15 16
0234 19 22
0235 1 1
0235 2 2
0235 8 7
0235 9 9
0235 15 15
0235 17 16
0235 18 17
0235 20 19
0235 25 22
0235 26 30
0236 1 3
0236 2 1
0236 5 5
0236 6 6
0236 7 7
0236 8 8
0236 9 9
0236 14 13
0236 15 14
0236 16 15
0236 17 16
0236 19 19
0236 20 21
0236 21 20
0236 22 22
0237 2 2
0237 3 3
0237 4 4
0237 5 5
0237 6 6
0237 9 9
0237 10 10
0237 14 15
0237 15 16
0237 16 17
0237 17 18
0237 20 23
0237 21 24
0237 22 25
0238 1 1
0238 3 3
0238 4 4
0238 7 15
0238 12 23
0239 1 1
0239 4 2
0239 6 5
0239 8 8
0239 9 6
0239 10 9
0239 12 10
0239 13 11
0239 17 14
0240 1 4
0240 3 5
0240 4 6
0240 5 7
0240 6 8
0240 7 9
0240 11 2
0240 15 21
0240 16 22
0240 20 11
0240 23 16
0240 24 15
0240 25 17
0240 28 23
0241 7 6
0241 8 8
0241 12 12
0241 13 13
0241 16 17
0241 17 18
0242 1 4
0242 2 2
0242 6 6
0242 7 7
0242 8 8
0242 9 9
0242 10 9
0242 11 10
0242 12 11
0242 13 13
0242 14 14
0242 15 15
0242 18 16
0243 6 3
0243 7 4
0243 8 5
0243 15 15
0243 16 16
0244 3 2
0244 3 4
0244 4 5
0244 5 3
0244 6 6
0244 8 8
0245 2 2
0245 5 10
0245 6 8
0245 14 11
0245 16 17
0245 18 18
0245 20 21
0245 22 14
0245 23 13
0245 24 22
0246 1 1
0246 2 3
0246 3 4
0246 4 6
0246 5 7
0246 6 8
0246 7 9
0246 8 10
0246 11 13
0246 13 14
0246 14 15
0246 15 16
0246 16 17
0247 2 3
0247 3 4
0247 6 8
0247 7 15
0248 2 2
0248 4 3
0248 4 5
0248 6 6
0248 9 9
0248 10 13
0249 9 10
0249 10 11
0249 11 14
0249 12 12
0249 18 26
0249 19 25
0249 22 28
0249 24 29
0250 1 1
0250 2 2
0250 3 4
0250 4 6
0250 6 7
0250 7 8
0250 8 9
0250 9 10
0250 10 11
0250 11 12
0250 12 13
0250 19 23
0250 21 24
0251 6 7
0252 1 4
0252 2 2
0252 6 15
0252 8 11
0252 9 12
0252 10 16
0253 9 2
0253 10 3
0253 11 4
0253 12 6
0253 13 12
0254 1 1
0254 3 3
0254 9 6
0254 19 10
0254 20 12
0254 20 13
0254 21 11
0254 23 14
0254 24 16
0254 25 26
0255 5 10
0255 6 9
0255 7 11
0255 8 13
0255 11 19
0255 12 20
0255 13 21
0255 25 24
0256 4 4
0256 5 5
0256 6 6
0256 7 7
0256 8 13
0257 1 3
0257 5 7
0258 1 1
0258 2 2
0258 3 3
0258 4 4
0258 6 7
0258 7 8
0258 10 11
0258 13 14
0258 14 16
0258 15 17
0258 16 18
0258 24 19
0258 25 22
0258 27 26
0259 4 1
0259 5 2
0259 9 10
0259 10 11
0259 11 12
0259 15 18
0259 17 20
0259 19 22
0259 20 23
0260 1 1
0260 10 7
0260 14 9
0260 15 10
0260 17 14
0260 18 16
0260 20 17
0260 21 20
0260 22 19
0260 24 21
0260 25 22
0261 1 1
0261 3 3
0261 4 5
0261 5 6
0261 6 7
0261 7 8
0261 8 9
0261 9 10
0261 10 11
0262 6 5
0263 1 5
0263 3 8
0263 4 10
0263 5 11
0263 13 25
0264 6 8
0264 7 9
0264 8 10
0264 11 14
0264 12 15
0264 13 16
0264 15 17
0265 7 1
0265 8 2
0265 9 4
0265 10 5
0265 11 7
0265 12 11
0265 13 12
0265 14 13
0265 18 16
0265 20 19
0265 21 20
0265 22 21
0266 1 1
0266 7 21
0266 8 23
0266 10 4
0266 12 5
0266 12 7
0266 13 6
0266 14 8
0266 16 10
0266 20 24
0267 4 5
0267 5 6
0267 7 9
0267 8 11
0267 9 12
0267 10 14
0267 12 17
0267 13 18
0267 14 19
0267 15 20
0267 16 21
0267 17 22
0267 18 25
0267 19 24
0267 20 26
0268 1 3
0268 3 1
0268 5 5
0268 6 6
0268 7 7
0268 8 9
0268 9 10
0268 11 14
0268 20 24
0268 21 25
0268 22 27
0269 2 2
0269 3 3
0269 4 4
0269 5 5
0269 6 6
0269 7 7
0269 8 8
0269 9 9
0269 10 10
0269 11 12
0269 12 11
0269 13 13
0269 15 15
0269 16 16
0269 17 17
0269 18 18
0269 19 19
0269 20 20
0270 3 6
0270 4 7
0270 5 8
0270 6 9
0270 8 10
0270 9 11
0270 10 12
0270 14 15
0270 15 17
0270 16 16
0270 17 18
0271 1 1
0271 11 11
0272 2 3
0272 3 1
0272 5 4
0272 7 6
0272 8 7
0272 9 8
0272 10 9
0272 12 10
0272 13 12
0272 14 13
0272 16 16
0272 17 18
0272 18 19
0272 19 20
0272 20 25
0272 21 24
0272 22 21
0272 23 26
0273 3 5
0273 5 6
0273 5 8
0273 8 9
0273 9 10
0273 10 11
0273 11 12
0274 1 6
0274 3 1
0274 4 3
0274 5 2
0274 5 4
0274 6 5
0274 7 7
0274 8 8
0274 9 9
0274 10 10
0274 11 14
0274 12 15
0274 13 17
0274 14 12
0274 15 18
0274 16 20
0274 17 19
0274 19 22
0274 20 23
0274 23 30
0275 1 1
0275 2 2
0275 3 3
0275 4 4
0275 5 5
0275 6 9
0275 9 10
0275 10 11
0275 29 22
0276 4 4
0276 5 5
0276 6 6
0276 7 7
0276 8 8
0276 9 10
0276 10 9
0276 11 11
0276 12 12
0276 13 14
0276 14 13
0276 15 15
0276 16 16
0276 19 23
0277 4 7
0277 5 12
0277 6 13
0277 19 21
0278 1 1
0278 3 2
0278 4 7
0278 5 3
0278 6 8
0278 7 9
0278 8 10
0278 9 11
0278 10 12
0278 11 13
0278 12 14
0278 13 15
0278 14 16
0278 15 19
0278 16 20
0278 17 21
0278 18 23
0278 19 24
0279 1 1
0279 2 2
0279 8 10
0279 9 11
0279 10 12
0279 12 13
0279 12 15
0279 13 17
0279 15 19
0279 17 18
0279 21 27
0279 22 28
0279 23 29
0280 3 9
0280 4 10
0280 8 3
0280 9 4
0280 11 5
0280 13 13
0281 5 2
0281 11 10
0281 12 12
0281 17 15
0281 19 18
0281 20 19
0281 28 25
0282 1 1
0282 2 3
0282 3 2
0282 3 4
0282 5 5
0282 6 6
0283 5 4
0283 7 5
0283 8 8
0283 9 9
0283 10 10
0283 11 11
0283 13 15
0283 14 13
0283 15 16
0283 16 17
0283 17 18
0283 18 19
0283 19 20
0283 24 27
0284 2 6
0284 3 3
0284 4 4
0284 6 8
0285 1 1
0285 2 2
0285 14 12
0285 15 15
0285 16 14
0285 17 19
0286 3 3
0286 11 7
0286 12 6
0286 16 13
0286 17 14
0286 19 15
0287 1 1
0287 6 3
0287 7 4
0287 8 6
0287 9 5
0287 10 7
0287 11 8
0287 12 9
0287 13 10
0287 14 11
0287 15 12
0287 16 13
0287 17 15
0287 22 17
0287 24 18
0287 25 19
0287 26 20
0287 27 21
0288 1 7
0288 2 5
0288 3 6
0288 5 10
0288 6 11
0288 8 13
0288 9 15
0288 10 17
0288 11 16
0288 17 18
0289 3 3
0289 4 4
0289 10 8
0289 11 16
0289 12 17
0289 18 22
0289 19 23
0290 1 1
0290 4 10
0290 5 12
0290 6 15
0290 8 11
0290 13 16
0290 22 23
0290 23 25
0290 24 24
0290 30 26
0291 2 6
0291 3 9
0291 5 5
0291 6 1
0291 7 2
0291 9 16
0291 10 15
0291 11 18
0291 15 21
0291 16 23
0291 17 22
0291 18 24
0292 2 1
0292 3 2
0292 4 7
0292 6 8
0292 7 9
0292 8 10
0292 9 11
0292 10 12
0292 11 13
0292 12 14
0292 13 15
0293 1 1
0293 2 2
0293 4 3
0293 5 4
0293 6 5
0293 7 6
0293 8 7
0293 9 8
0293 10 12
0293 11 9
0293 15 17
0293 16 18
0293 17 19
0293 19 21
0293 22 22
0294 1 4
0294 2 5
0294 4 6
0294 5 7
0294 6 10
0294 7 9
0294 8 11
0295 1 1
0295 2 2
0295 8 12
0296 17 18
0297 1 1
0297 2 2
0297 4 5
0297 5 6
0297 10 10
0298 6 6
0298 7 7
0298 8 9
0298 10 10
0299 1 1
0299 2 2
0299 10 8
0300 7 10
0301 1 5
0301 4 6
0301 4 8
0301 5 7
0301 6 9
0301 7 16
0301 8 16
0301 9 16
0301 10 10
0301 11 17
0301 13 22
0301 14 23
0302 1 4
0302 2 6
0302 3 5
0302 11 12
0302 12 15
0303 2 3
0303 9 9
0303 11 8
0303 12 6
0303 14 12
0303 15 13
0303 16 13
0303 17 14
0303 18 16
0303 22 18
0304 2 5
0304 3 6
0304 4 11
0304 5 8
0304 7 12
0304 8 13
0304 17 21
0304 21 25
0305 5 5
0305 7 9
0306 1 11
0306 6 2
0306 7 3
0306 8 4
0306 10 7
0306 11 5
0306 11 6
0306 12 14
0307 1 2
0307 3 4
0307 4 7
0307 5 8
0307 6 9
0307 7 10
0307 14 17
0308 1 1
0308 2 2
0308 3 3
0308 4 4
0308 5 5
0309 3 3
0309 4 4
0309 5 5
0310 2 2
0310 3 3
0310 5 5
0310 6 6
0310 8 8
0310 9 9
0310 10 10
0310 11 11
0310 16 15
0311 1 1
0311 2 2
0311 4 5
0311 5 6
0311 6 7
0311 7 8
0311 8 9
0311 9 10
0311 10 15
0311 11 14
0311 12 11
0311 13 16
0312 9 6
0312 10 7
0313 1 5
0313 19 20
0314 10 9
0314 17 15
0315 1 2
0315 2 3
0315 3 4
0315 5 6
0315 6 7
0315 8 9
0315 9 10
0315 10 11
0315 11 12
0315 13 15
0315 14 16
0315 15 17
0315 16 18
0315 17 21
0315 18 22
0316 1 4
0316 3 7
0316 4 1
0316 5 2
0316 6 8
0316 9 10
0316 10 3
0316 11 12
0316 12 13
0316 13 13
0316 14 14
0316 15 15
0316 16 16
0316 17 17
0316 20 24
0317 6 3
0317 7 2
0317 8 5
0317 9 10
0317 11 7
0317 12 11
0317 13 13
0317 14 12
0317 15 14
0318 1 1
0318 4 3
0318 10 9
0318 11 10
0318 12 11
0318 18 17
0318 20 18
0319 1 1
0319 2 2
0319 3 3
0319 4 4
0319 7 8
0320 1 1
0320 2 2
0320 3 3
0320 4 7
0320 5 6
0320 6 5
0320 7 8
0320 12 20
0320 13 9
0320 18 12
0320 19 13
0320 20 15
0320 21 21
0321 7 7
0321 8 6
0321 9 5
0321 11 10
0321 12 11
0321 12 12
0321 13 13
0321 14 14
0321 15 15
0321 16 16
0321 18 19
0321 19 20
0321 19 21
0321 20 22
0321 21 23
0321 22 24
0321 23 25
0321 25 28
0321 26 29
0321 28 30
0322 1 1
0322 2 2
0322 3 5
0322 4 6
0322 5 7
0322 6 8
0322 7 9
0322 8 3
0322 9 10
0322 10 12
0322 11 11
0322 14 15
0322 15 16
0322 17 20
0322 18 19
0322 19 18
0322 23 21
0322 24 22
0322 27 23
0323 1 1
0323 3 3
0323 8 13
0323 9 16
0323 11 14
0323 12 15
0323 15 19
0323 16 20
0323 17 21
0323 18 22
0323 26 30
0324 6 9
0324 7 10
0324 8 11
0324 9 14
0324 10 12
0324 11 15
0325 10 13
0325 13 17
0325 14 18
0325 16 22
0325 17 27
0326 1 1
0326 2 2
0326 10 5
0326 10 6
0326 10 7
0326 11 8
0326 13 9
0326 14 11
0326 15 12
0326 16 13
0326 17 13
0326 18 13
0326 19 14
0327 1 1
0327 3 4
0327 4 5
0327 5 6
0327 6 7
0327 13 20
0327 15 23
0327 17 27
0327 18 28
0328 5 6
0328 6 7
0328 8 9
0328 10 14
0328 11 15
0328 12 16
0328 13 19
0328 14 20
0328 15 21
0329 3 2
0329 3 4
0329 5 6
0329 6 7
0329 7 9
0329 8 10
0330 1 1
0330 2 2
0330 3 3
0330 6 7
0331 3 3
0331 4 2
0331 5 4
0331 6 5
0331 7 6
0331 8 7
0331 9 8
0331 18 24
0331 19 25
0331 20 26
0331 22 27
0332 3 4
0332 4 7
0332 6 8
0333 1 5
0333 2 1
0333 3 2
0333 4 3
0333 5 4
0333 6 6
0333 7 8
0333 9 9
0333 11 10
0334 4 4
0334 11 7
0334 13 8
0334 15 12
0334 19 17
0334 20 14
0334 21 18
0335 2 1
0335 3 2
0335 4 3
0335 4 4
0335 9 9
0335 10 10
0335 11 11
0335 12 14
0335 13 15
0335 17 16
0336 1 13
0336 3 1
0336 5 4
0336 6 10
0336 7 12
0336 8 11
0336 9 14
0336 10 9
0336 11 5
0336 12 6
0336 14 8
0336 15 15
0337 4 3
0337 5 4
0337 11 10
0338 2 18
0338 3 19
0338 4 20
0338 8 3
0338 12 6
0338 13 7
0338 14 8
0338 16 14
0338 18 21
0339 2 3
0339 3 4
0339 5 5
0339 6 6
0339 7 7
0339 8 9
0339 9 12
0339 10 13
0339 14 15
0339 15 16
0339 16 20
0339 17 21
0339 18 22
0339 21 17
0339 22 18
0339 24 23
0340 1 4
0340 2 5
0340 3 6
0340 4 8
0340 5 7
0340 6 9
0340 7 10
0340 9 11
0340 11 14
0340 12 15
0340 15 19
0340 16 20
0340 18 21
0340 18 24
0340 20 23
0340 21 25
0341 1 1
0341 4 3
0341 5 4
0341 9 6
0342 4 5
0342 5 4
0342 6 6
0342 8 10
0342 13 12
0342 15 13
0342 16 14
0342 17 16
0342 20 19
0343 1 1
0343 5 7
0343 6 8
0343 7 9
0344 1 2
0344 2 4
0344 6 9
0345 1 1
0345 2 4
0346 7 5
0346 8 7
0346 9 8
0346 10 10
0346 11 13
0346 12 20
0346 12 21
0346 13 18
0346 14 22
0346 15 24
0346 17 25
0346 19 27
0346 22 29
0347 1 1
0347 2 2
0347 11 8
0348 2 11
0348 4 3
0348 5 4
0348 6 6
0348 7 5
0348 8 7
0348 9 14
0348 10 13
0348 11 16
0348 12 20
0348 13 21
0348 14 17
0348 15 18
0348 16 19
0348 17 19
0348 18 22
0349 2 1
0349 3 2
0349 9 5
0349 14 8
0349 15 9
0350 7 6
0350 9 2
0350 15 14
0350 17 27
0350 18 24
0350 23 28
0351 1 1
0351 2 2
0351 3 3
0351 4 4
0351 5 5
0351 12 8
0351 13 9
0351 15 10
0351 16 14
0351 19 15
0351 20 16
0351 22 18
0351 25 22
0351 28 25
0351 29 26
0352 1 1
0352 5 3
0352 6 5
0352 7 4
0352 8 6
0353 1 1
0353 2 2
0353 3 3
0353 5 5
0353 6 6
0353 7 7
0353 8 10
0353 9 11
0353 10 12
0353 12 14
0353 13 18
0353 14 19
0353 18 22
0354 9 6
0354 10 7
0354 11 8
0354 13 11
0354 15 12
0354 18 14
0355 1 1
0355 3 4
0355 5 5
0355 6 6
0355 7 7
0355 8 8
0356 1 1
0356 5 6
0356 6 7
0356 7 11
0356 8 8
0356 9 9
0356 10 12
0356 11 13
0356 12 14
0356 14 19
0356 15 20
0356 16 21
0357 1 4
0357 2 5
0357 3 6
0357 5 1
0357 8 7
0357 9 8
0357 11 10
0357 12 11
0357 13 15
0357 14 13
0357 15 16
0358 3 5
0358 6 8
0358 10 15
0358 15 18
0358 16 19
0358 17 20
0359 5 16
0359 6 17
0359 7 18
0359 8 19
0359 9 20
0359 10 11
0359 12 14
0359 13 21
0359 19 29
0360 1 1
0360 2 2
0360 3 3
0360 4 4
0360 10 8
0360 11 9
0360 12 10
0360 16 14
0360 17 15
0360 22 16
0361 4 3
0361 6 4
0361 7 5
0361 8 7
0361 9 8
0361 10 9
0361 12 10
0361 14 17
0362 1 1
0362 3 3
0362 4 4
0362 5 5
0362 6 6
0362 10 13
0362 11 15
0362 12 14
0362 13 16
0362 16 26
0362 17 25
0362 21 28
0362 22 29
0363 1 8
0363 2 9
0363 3 10
0363 8 12
0363 9 13
0363 10 1
0363 11 2
0363 13 5
0363 14 6
0363 15 14
0364 2 1
0364 3 2
0364 4 3
0364 8 6
0364 9 7
0364 10 8
0365 2 1
0365 3 2
0365 4 6
0365 5 7
0365 7 9
0365 9 11
0365 10 12
0366 4 1
0366 8 9
0366 10 10
0366 11 12
0366 12 13
0366 13 14
0366 14 15
0367 1 1
0367 3 4
0367 6 6
0367 7 7
0367 8 8
0368 2 5
0368 6 13
0368 7 14
0368 8 15
0369 8 6
0369 12 18
0369 13 17
0369 14 19
0369 15 20
0369 16 21
0369 17 14
0369 18 16
0369 19 22
0370 1 1
0370 2 3
0370 3 4
0370 4 2
0370 5 5
0370 6 7
0370 11 11
0371 1 1
0371 4 6
0371 9 13
0372 2 2
0373 1 1
0373 2 2
0373 3 3
0373 5 6
0373 8 10
0374 1 1
0374 4 3
0374 11 13
0374 12 14
0374 13 15
0374 14 22
0374 15 20
0374 16 17
0374 17 23
0375 2 3
0375 3 4
0375 4 6
0375 6 8
0375 8 12
0375 9 9
0375 10 13
0375 13 17
0375 14 18
0375 16 19
0375 16 21
0375 23 22
0375 24 24
0375 25 25
0375 26 26
0375 27 27
0375 28 28
0376 9 10
0376 10 11
0376 10 12
0376 11 13
0376 12 21
0376 16 15
0376 17 22
0377 1 1
0377 2 2
0377 4 5
0377 5 6
0377 6 7
0377 8 8
0377 9 16
0377 10 13
0377 11 10
0377 12 9
0377 13 17
0378 8 9
0379 3 5
0379 5 6
0379 6 8
0380 1 1
0380 10 8
0380 10 9
0380 12 11
0380 13 12
0380 14 13
0380 17 16
0380 18 19
0380 19 17
0380 22 21
0380 23 23
0380 24 24
0381 3 8
0381 4 9
0381 5 10
0381 6 11
0381 9 13
0381 10 15
0381 12 19
0381 14 3
0381 23 20
0382 4 5
0382 5 8
0382 5 9
0382 13 16
0383 10 2
0383 11 15
0384 1 1
0384 3 4
0384 4 5
0384 5 6
0384 6 7
0384 7 11
0384 9 12
0384 10 13
0384 13 16
0385 6 4
0385 7 1
0385 9 10
0386 1 1
0386 2 2
0386 3 3
0386 4 4
0386 5 7
0387 1 2
0387 2 3
0387 3 4
0387 4 5
0387 7 7
0387 8 8
0387 11 9
0387 14 11
0387 15 12
0387 16 13
0387 17 14
0387 18 15
0387 23 22
0387 26 25
0387 27 26
0387 28 27
0388 1 4
0388 3 5
0388 4 6
0388 6 7
0388 8 12
0388 9 13
0388 10 14
0388 11 16
0388 12 17
0388 12 18
0388 14 19
0388 15 20
0388 17 23
0388 19 27
0388 20 25
0388 21 28
0389 1 1
0389 2 2
0389 7 8
0389 8 7
0389 9 9
0389 11 14
0389 13 16
0389 14 17
0389 15 21
0389 17 22
0390 1 1
0390 2 2
0390 3 5
0390 4 3
0390 5 4
0390 7 9
0390 8 10
0390 9 11
0390 11 13
0390 12 14
0390 18 19
0390 19 20
0390 20 21
0391 1 1
0391 3 4
0391 6 9
0391 7 14
0391 8 15
0391 12 23
0391 20 29
0392 1 1
0392 3 2
0392 3 4
0392 8 9
0392 9 10
0392 12 15
0392 14 16
0393 1 1
0393 2 2
0393 3 3
0393 4 4
0393 8 10
0393 10 13
0393 11 14
0393 17 20
0394 2 13
0394 3 14
0394 10 6
0394 11 7
0394 12 21
0395 2 3
0395 7 7
0395 8 8
0395 9 9
0395 20 16
0395 21 17
0395 22 18
0395 23 19
0395 24 21
0395 30 25
0396 1 1
0396 2 2
0396 4 6
0396 5 7
0396 6 9
0396 7 8
0396 7 10
0396 8 11
0396 9 13
0396 10 14
0396 15 16
0396 16 17
0396 18 29
0397 4 3
0397 11 9
0398 1 1
0398 4 3
0398 8 7
0398 9 9
0398 9 10
0398 10 14
0398 11 12
0398 14 16
0399 1 1
0399 2 6
0399 3 2
0399 7 11
0400 1 10
0400 3 12
0400 8 8
0400 9 6
0400 10 9
0400 11 13
0400 12 15
0400 13 14
0400 17 19
0400 18 21
0400 19 22
0400 20 23
0400 21 24
0400 22 25
0400 26 26
0400 27 27
0400 28 28
0400 29 29
0401 1 1
0401 4 9
0401 5 10
0401 6 11
0401 7 12
0401 8 13
0402 3 2
0402 5 4
0402 6 5
0402 7 6
0402 8 7
0402 10 11
0402 11 12
0402 12 14
0402 13 13
0402 14 16
0402 16 15
0402 19 25
0402 21 26
0403 4 6
0403 12 14
0404 1 1
0404 2 2
0404 3 3
0404 5 6
0404 6 7
0404 7 8
0404 8 9
0404 10 13
0404 11 14
0404 12 15
0404 13 16
0404 14 17
0405 4 3
0405 5 6
0405 6 7
0405 7 8
0405 8 9
0406 3 5
0406 5 7
0406 6 8
0406 7 9
0406 8 10
0406 9 11
0406 10 12
0406 12 16
0406 13 17
0406 14 18
0406 15 21
0406 16 19
0406 17 22
0407 1 5
0407 2 6
0407 4 7
0408 4 1
0408 8 7
0409 1 1
0409 2 2
0409 12 8
0409 13 9
0409 14 10
0409 15 11
0409 16 12
0409 20 16
0410 1 1
0410 3 4
0410 4 5
0410 5 6
0410 6 7
0410 9 8
0410 10 9
0410 11 10
0410 12 11
0410 13 12
0410 14 13
0410 15 14
0410 16 15
0410 17 16
0410 18 18
0410 22 20
0410 23 21
0411 1 1
0411 2 2
0411 10 11
0411 10 12
0411 12 16
0411 14 17
0411 15 20
0411 16 21
0411 17 23
0411 18 24
0411 20 25
0411 24 29
0412 4 10
0412 9 17
0412 16 26
0413 10 10
0413 12 12
0413 13 13
0413 14 14
0413 16 16
0413 17 18
0413 18 19
0413 19 20
0413 24 24
0414 4 13
0414 12 14
0415 1 14
0415 2 15
0415 4 1
0415 5 2
0415 6 12
0415 7 13
0415 8 16
0415 10 20
0415 11 17
0415 12 24
0415 16 10
0415 18 25
0416 1 1
0416 4 4
0416 5 5
0416 6 6
0416 7 8
0416 12 12
0416 17 15
0417 6 8
0417 7 10
0417 8 9
0417 12 13
0417 13 14
0417 16 25
0417 17 26
0417 21 27
0417 27 30
0418 2 2
0418 12 18
0418 13 16
0418 19 21
0418 21 23
0418 22 25
0418 23 26
0419 1 1
0419 2 2
0419 3 3
0419 4 4
0419 10 12
0419 11 13
0419 13 14
0419 20 20
0419 21 21
0420 1 1
0420 2 2
0420 3 6
0420 3 7
0420 3 8
0420 4 3
0420 5 4
0420 6 5
0420 9 13
0420 10 14
0420 11 15
0420 12 16
0421 1 1
0421 2 2
0421 3 4
0421 4 3
0421 5 6
0421 6 7
0421 7 8
0421 8 13
0421 10 10
0421 11 9
0421 12 14
0421 13 15
0421 16 22
0421 17 23
0421 23 30
0422 3 2
0422 5 4
0422 6 5
0422 8 6
0422 11 8
0422 13 11
0422 14 13
0422 15 14
0423 1 1
0423 3 4
0423 5 8
0423 8 11
0423 9 12
0423 10 13
0423 11 14
0423 12 16
0423 13 17
0424 1 1
0424 3 4
0424 8 15
0425 2 5
0425 3 6
0425 4 7
0425 5 9
0425 6 10
0425 15 18
0425 19 21
0425 20 25
0425 21 29
0425 22 29
0425 23 29
0425 24 28
0425 25 27
0425 27 30
0426 1 1
0426 2 2
0426 3 3
0426 4 4
0426 5 7
0426 9 10
0426 15 13
0426 16 15
0426 19 23
0426 20 22
0426 21 24
0427 1 1
0427 2 2
0427 3 3
0427 4 4
0427 11 8
0427 12 9
0427 13 11
0427 14 10
0427 16 16
0427 18 20
0427 19 17
0427 20 22
0428 1 1
0428 2 2
0428 3 4
0428 4 6
0428 5 5
0428 6 7
0429 1 19
0429 6 1
0429 7 2
0429 8 3
0429 9 4
0429 10 5
0429 12 8
0429 13 9
0429 15 11
0429 16 12
0429 17 25
0430 1 1
0430 2 2
0430 3 3
0430 4 4
0430 5 5
0430 11 15
0430 12 16
0430 13 17
0431 1 1
0431 4 4
0431 5 5
0431 6 6
0431 8 10
0431 13 12
0431 14 15
0431 15 15
0431 17 16
0432 8 10
0432 9 9
0432 10 12
0433 1 1
0433 2 1
0433 3 2
0433 4 3
0433 5 4
0434 1 1
0434 2 2
0434 3 3
0434 5 5
0434 7 6
0434 8 7
0434 9 10
0434 10 11
0434 11 12
0434 17 20
0435 6 9
0435 7 10
0435 8 11
0435 9 12
0435 10 13
0435 11 14
0435 13 15
0435 15 17
0435 17 20
0435 19 22
0435 20 23
0435 21 24
0435 22 25
0435 23 26
0435 24 27
0436 1 2
0436 3 7
0436 4 8
0436 6 10
0436 7 11
0436 11 15
0436 12 16
0436 13 17
0436 16 19
0436 17 20
0436 18 21
0436 19 22
0436 20 24
0436 21 25
0436 22 26
0437 9 10
0437 10 11
0437 13 13
0437 15 16
0437 17 17
0438 1 1
0438 3 4
0438 4 5
0438 5 6
0438 6 7
0438 7 8
0438 8 9
0438 9 10
0438 10 11
0438 11 12
0438 12 13
0438 14 15
0438 15 16
0438 16 17
0438 17 18
0438 18 19
0439 2 1
0439 3 3
0439 5 4
0439 6 5
0439 7 5
0439 8 6
0439 10 8
0439 14 14
0440 1 1
0440 3 2
0440 4 3
0440 5 4
0440 7 10
0440 8 11
0440 10 14
0440 11 15
0440 12 16
0440 14 17
0440 15 18
0440 16 19
0441 1 1
0441 3 4
0441 6 14
0441 9 5
0441 10 7
0441 11 6
0441 12 8
0441 13 9
0441 14 11
0441 15 10
0441 27 16
0442 1 1
0442 2 3
0442 3 4
0442 4 4
0442 6 5
0442 6 7
0442 8 8
0442 13 14
0442 14 15
0442 18 19
0442 19 20
0443 1 1
0443 3 4
0443 7 5
0443 8 6
0443 10 7
0443 11 8
0443 12 9
0443 13 9
0443 16 16
0444 3 3
0444 4 4
0444 5 5
0444 7 6
0444 8 7
0444 9 8
0444 10 9
0444 11 10
0444 12 11
0444 14 13
0444 15 14
0444 16 17
0444 17 16
0444 18 18
0444 20 20
0444 22 22
0444 23 23
0444 24 24
0444 25 25
0444 26 26
0444 27 27
0444 28 28
0444 29 29
0445 1 1
0445 2 2
0445 3 3
0445 4 4
0445 5 5
0445 7 6
0445 11 9
0445 12 10
0445 13 11
0445 14 12
0445 15 13
0445 16 14
0445 17 15
0445 19 17
0445 20 18
0445 21 19
0445 22 20
0445 23 21
0445 25 24
0445 26 25
0446 1 1
0446 2 2
0446 3 4
0446 4 3
0446 7 10
0446 10 16
0447 1 1
0447 2 2
0447 4 5
0447 5 8
0447 6 6
0447 7 9
