0001 1 2
0001 2 3
0001 4 4
0001 4 5
0001 6 6
0001 7 7
0001 8 8
0001 10 9
0001 11 9
0001 12 10
0001 13 14
0001 14 16
0001 15 15
0001 16 15
0001 17 19
0001 18 20
0001 19 21
0001 20 22
0001 21 23
0001 22 27
0001 23 28
0001 24 29
0001 25 29
0001 27 30
0001 28 31
0001 28 32
0001 30 33
0001 31 34
0001 32 35
0001 33 36
0001 34 37
0001 35 38
0001 36 39
0001 37 40
0001 38 43
0002 1 1
0002 2 2
0002 3 3
0002 3 4
0002 4 5
0002 5 6
0002 6 7
0002 6 8
0002 6 9
0002 6 10
0002 7 7
0002 7 8
0002 7 9
0002 7 10
0002 8 7
0002 8 8
0002 8 9
0002 8 10
0002 9 7
0002 9 8
0002 9 9
0002 9 10
0002 10 16
0002 11 17
0002 12 17
0002 13 18
0002 14 19
0002 15 22
0002 16 23
0002 16 24
0002 20 26
0002 21 27
0002 22 28
0002 24 30
0002 25 29
0002 25 31
0002 26 30
0002 27 30
0002 28 32
0002 29 33
0002 29 34
0002 30 35
0003 1 1
0003 2 5
0003 3 4
0003 4 5
0003 5 6
0003 5 8
0003 6 7
0003 7 9
0004 1 1
0004 1 2
0004 2 1
0004 2 2
0004 3 3
0004 3 4
0004 3 5
0004 4 3
0004 4 4
0004 4 5
0004 5 3
0004 5 4
0004 5 5
0004 6 3
0004 6 4
0004 6 5
0004 7 6
0004 8 8
0004 9 7
0004 9 9
0004 10 10
0004 10 11
0004 10 12
0004 10 13
0004 11 10
0004 11 11
0004 11 12
0004 11 13
0004 12 14
0004 12 16
0004 15 18
0004 16 17
0004 17 17
0004 18 18
0004 19 18
0004 20 19
0004 21 20
0005 1 11
0005 2 11
0005 3 11
0005 5 1
0005 5 3
0005 6 2
0005 7 2
0005 8 7
0005 8 8
0005 8 9
0005 8 10
0005 10 12
0005 11 14
0005 12 14
0005 13 14
0005 14 16
0005 15 15
0005 15 17
0005 16 21
0006 6 6
0006 7 16
0006 7 17
0006 8 8
0006 8 9
0006 9 12
0006 10 12
0006 11 13
0006 11 14
0006 11 15
0006 12 18
0006 13 19
0006 15 22
0006 15 23
0006 15 24
0006 16 20
0006 16 21
0006 17 20
0006 17 21
0006 18 20
0006 18 21
0006 19 25
0006 20 26
0006 21 26
0006 22 27
0007 1 1
0007 3 2
0007 4 3
0007 5 4
0007 6 5
0007 7 6
0007 7 7
0007 8 8
0007 8 9
0007 8 10
0007 10 11
0007 11 12
0007 12 13
0007 13 11
0007 14 14
0007 15 15
0007 16 11
0007 17 16
0007 18 17
0007 19 18
0007 20 19
0007 21 20
0007 21 21
0007 22 23
0007 23 22
0007 25 25
0007 26 24
0007 27 26
0007 28 27
0007 29 29
0007 30 30
0007 31 31
0007 32 31
0007 33 33
0007 34 34
0007 35 35
0007 36 36
0007 38 37
0007 40 38
0007 40 39
0007 41 40
0007 42 41
0007 43 42
0007 44 43
0007 45 44
0008 1 1
0008 1 2
0008 1 3
0008 2 1
0008 2 2
0008 2 3
0008 3 1
0008 3 2
0008 3 3
0008 6 4
0008 9 6
0009 1 1
0009 2 4
0009 3 22
0009 4 5
0009 4 9
0009 5 6
0009 6 7
0009 7 8
0009 8 10
0009 9 11
0009 9 12
0009 10 13
0009 10 14
0009 11 15
0009 12 16
0009 13 19
0009 14 20
0009 15 18
0009 16 21
0009 17 24
0009 18 25
0009 19 26
0009 20 22
0009 21 30
0009 22 29
0009 23 27
0009 24 28
0009 25 31
0010 1 1
0010 1 2
0010 2 3
0010 3 4
0010 4 5
0010 4 6
0010 5 7
0010 6 8
0010 6 9
0010 7 10
0010 8 11
0010 8 12
0010 10 11
0010 10 12
0010 11 13
0010 13 13
0010 14 13
0010 15 13
0010 19 15
0010 19 16
0010 20 17
0010 21 17
0010 22 22
0010 23 23
0010 24 24
0010 25 25
0010 26 26
0010 27 29
0010 28 28
0010 28 30
0010 29 31
0010 29 32
0010 30 33
0010 31 34
0010 31 35
0010 32 36
0010 33 38
0010 34 37
0010 35 39
0010 36 40
0010 37 41
0010 38 42
0010 39 27
0010 41 43
0010 42 43
0010 43 44
0010 44 46
0010 45 47
0010 46 48
0010 47 49
0010 48 51
0010 49 51
0010 50 52
0010 51 53
0010 52 54
0010 52 55
0010 53 56
0010 53 57
0010 54 60
0010 55 63
0010 56 56
0010 56 57
0010 57 64
0010 58 64
0010 59 65
0010 60 66
0010 62 56
0010 62 57
0010 63 67
0010 64 69
0010 64 70
0010 64 71
0010 65 69
0010 65 70
0010 65 71
0010 66 72
0010 67 73
0010 68 74
0010 69 75
0010 70 77
0010 72 76
0010 73 76
0010 74 78
0010 74 79
0010 74 80
0010 75 81
0010 76 82
0011 1 1
0011 2 2
0011 3 4
0011 3 5
0011 3 6
0011 4 4
0011 4 5
0011 4 6
0011 6 4
0011 6 5
0011 6 6
0011 7 4
0011 7 5
0011 7 6
0011 8 4
0011 8 5
0011 8 6
0011 9 7
0011 10 8
0011 11 8
0011 12 9
0011 13 9
0011 14 9
0011 15 10
0011 16 11
0011 17 9
0011 18 12
0011 19 14
0011 20 14
0011 21 16
0011 22 16
0011 23 17
0011 23 18
0011 24 17
0011 24 18
0011 25 19
0012 2 3
0012 3 4
0012 4 5
0012 4 6
0012 6 5
0012 6 6
0012 7 7
0012 8 8
0012 8 9
0012 9 10
0012 9 11
0012 9 12
0012 10 10
0012 10 11
0012 10 12
0012 11 10
0012 11 11
0012 11 12
0012 12 13
0012 13 14
0012 14 15
0012 15 16
0012 16 18
0012 17 17
0012 18 18
0012 19 19
0012 20 20
0012 21 21
0012 22 22
0012 24 23
0012 25 24
0012 26 25
0012 27 26
0012 28 27
0012 29 32
0012 30 32
0012 31 33
0013 1 1
0013 2 3
0013 3 2
0013 4 4
0013 5 5
0013 5 6
0013 6 7
0013 7 8
0013 8 10
0013 9 9
0013 10 11
0014 1 2
0014 2 3
0014 3 4
0014 3 5
0014 4 6
0014 6 10
0014 7 8
0014 7 9
0014 7 11
0014 8 7
0014 9 12
0014 10 13
0014 11 15
0014 11 16
0014 11 17
0014 12 15
0014 12 16
0014 12 17
0014 13 18
0014 14 18
0014 15 19
0014 16 15
0014 16 16
0014 16 17
0014 17 15
0014 17 16
0014 17 17
0014 18 20
0014 19 21
0014 20 21
0014 21 22
0014 22 24
0014 23 24
0014 27 28
0014 27 29
0014 29 30
0014 30 32
0014 31 31
0014 32 31
0014 33 31
0014 34 33
0014 35 34
0014 36 35
0014 37 36
0014 38 38
0014 39 37
0014 40 39
0014 41 40
0014 42 41
0014 43 42
0014 44 43
0015 1 1
0015 2 3
0015 3 2
0015 4 2
0015 5 4
0015 6 8
0015 7 7
0015 8 5
0015 9 6
0015 10 9
0015 11 10
0015 12 9
0015 13 10
0015 14 11
0015 15 12
0015 16 13
0015 17 14
0015 18 16
0015 19 15
0015 20 15
0015 21 20
0015 22 21
0015 23 21
0015 25 24
0015 26 22
0015 26 23
0015 27 25
0015 28 26
0015 29 27
0015 30 28
0015 31 29
0015 32 30
0015 34 33
0015 35 31
0015 36 32
0015 36 34
0015 37 35
0015 38 36
0015 39 14
0015 40 37
0015 41 39
0015 42 38
0015 43 40
0015 44 43
0015 45 41
0015 46 43
0015 47 43
0015 48 42
0015 49 44
0015 50 45
0015 50 46
0015 51 47
0016 1 3
0016 1 4
0016 2 1
0016 2 2
0016 3 1
0016 3 2
0016 5 6
0016 5 7
0016 6 6
0016 6 7
0016 8 6
0016 8 7
0016 9 6
0016 9 7
0016 10 9
0016 11 10
0016 12 11
0016 12 12
0016 13 13
0016 14 14
0016 15 15
0016 16 16
0016 17 18
0016 18 17
0016 19 19
0016 20 20
0016 21 20
0016 22 21
0016 23 22
0016 24 23
0016 25 24
0016 26 24
0016 27 25
0016 28 27
0016 29 26
0016 30 28
0016 31 29
0016 32 30
0016 33 30
0016 34 33
0017 1 1
0017 2 1
0017 3 2
0017 4 6
0017 5 5
0017 6 3
0017 7 4
0017 8 9
0017 9 8
0017 10 7
0017 11 10
0017 13 11
0017 15 12
0017 16 13
0017 17 14
0017 17 15
0017 17 16
0017 18 14
0017 18 15
0017 18 16
0017 19 17
0018 1 1
0018 1 2
0018 2 4
0018 3 5
0018 4 3
0018 4 6
0018 5 8
0018 6 7
0018 7 7
0018 9 9
0018 10 12
0018 11 11
0018 11 18
0018 12 11
0018 12 18
0018 13 11
0018 13 18
0018 14 13
0018 15 14
0018 16 15
0018 17 16
0018 18 17
0018 19 19
0019 1 3
0019 3 2
0019 4 4
0019 5 5
0019 6 6
0019 7 8
0019 8 13
0019 9 12
0019 12 7
0019 13 14
0020 1 1
0020 2 2
0020 3 3
0020 7 4
0020 8 4
0020 9 5
0020 10 6
0020 11 7
0020 11 8
0020 12 9
0020 13 9
0020 14 9
0020 17 12
0020 18 13
0020 19 10
0020 19 11
0020 20 15
0020 21 16
0020 21 17
0020 21 19
0020 22 16
0020 22 17
0020 22 19
0020 23 18
0020 24 20
0021 1 5
0021 1 6
0021 2 1
0021 2 2
0021 3 1
0021 3 2
0021 4 3
0021 5 4
0021 6 7
0021 7 11
0021 8 11
0021 9 11
0021 10 12
0022 1 1
0022 2 1
0022 3 2
0022 5 4
0022 6 3
0022 7 5
0022 8 6
0022 9 7
0022 10 8
0022 11 10
0022 12 9
0022 13 11
0022 14 12
0022 14 13
0022 15 14
0022 16 15
0022 17 15
0022 18 16
0022 19 17
0022 20 18
0022 20 19
0022 21 20
0022 21 21
0022 22 23
0022 23 22
0022 24 24
0023 1 1
0023 2 2
0023 3 4
0023 4 3
0023 5 5
0023 6 6
0023 8 8
0023 9 8
0023 10 9
0023 11 10
0023 12 12
0023 13 12
0023 14 13
0023 15 14
0023 15 15
0023 16 14
0023 16 15
0023 17 16
0023 18 17
0023 19 18
0023 20 19
0023 21 20
0023 22 20
0023 23 21
0023 24 22
0023 26 23
0023 27 25
0023 28 24
0023 29 26
0023 30 22
0023 32 27
0023 33 28
0023 34 29
0023 35 31
0023 36 30
0023 37 32
0023 38 33
0024 1 1
0024 2 2
0024 3 3
0024 4 4
0024 5 5
0024 6 8
0024 7 9
0024 8 11
0024 10 10
0024 11 13
0024 12 12
0024 13 15
0024 14 16
0024 15 17
0024 16 18
0024 17 19
0024 17 20
0024 18 21
0025 1 1
0025 2 1
0025 3 2
0025 4 4
0025 4 5
0025 5 6
0025 6 7
0025 7 8
0025 8 9
0025 9 10
0025 10 11
0025 11 12
0025 12 13
0025 13 14
0025 14 15
0025 14 16
0025 14 17
0025 15 15
0025 15 16
0025 15 17
0025 16 15
0025 16 16
0025 16 17
0025 17 19
0025 18 18
0025 19 18
0025 20 20
0025 21 22
0025 21 23
0025 22 24
0025 23 24
0025 24 25
0025 25 28
0025 26 29
0025 27 30
0025 28 27
0025 29 26
0025 30 31
0025 31 33
0025 32 35
0025 32 42
0025 33 34
0025 35 36
0025 36 37
0025 38 39
0025 39 40
0025 40 41
0025 41 41
0025 42 43
0025 43 44
0026 1 3
0026 2 1
0026 3 2
0026 4 4
0026 5 4
0026 6 6
0026 7 5
0026 8 7
0026 9 8
0026 10 14
0026 11 9
0026 13 9
0026 14 9
0026 15 10
0026 16 11
0026 17 12
0026 18 13
0026 19 15
0026 20 16
0026 21 17
0026 22 17
0026 23 18
0026 23 19
0026 24 20
0026 24 21
0026 25 22
0026 26 23
0026 27 24
0026 27 25
0026 28 26
0026 29 28
0026 30 29
0026 31 31
0026 32 30
0026 33 32
0026 34 33
0026 35 34
0026 36 35
0026 37 36
0026 37 37
0026 38 36
0026 38 37
0026 39 41
0026 40 39
0026 41 42
0027 1 1
0027 2 2
0027 3 4
0027 4 3
0027 5 5
0027 6 6
0027 7 7
0027 8 8
0027 9 9
0027 10 10
0027 11 10
0027 12 11
0027 13 12
0027 14 13
0027 15 14
0027 16 14
0027 17 14
0027 18 15
0027 19 16
0027 20 17
0027 21 18
0027 22 19
0027 22 20
0027 23 21
0027 24 21
0027 25 22
0027 26 23
0027 28 25
0027 29 26
0027 30 28
0028 1 1
0028 1 2
0028 2 3
0028 3 4
0028 4 6
0028 5 5
0028 6 8
0028 7 9
0028 8 18
0028 9 19
0028 10 20
0028 11 12
0028 12 13
0028 13 10
0028 14 11
0028 15 14
0028 16 16
0028 17 16
0028 18 17
0028 19 15
0028 20 21
0029 1 1
0029 2 4
0029 3 3
0029 4 2
0029 5 5
0029 6 6
0029 6 7
0029 7 8
0029 8 9
0029 8 10
0029 8 11
0029 9 9
0029 9 10
0029 9 11
0029 10 12
0029 11 13
0029 12 14
0029 13 15
0029 14 15
0029 15 16
0029 16 17
0030 1 1
0030 2 2
0030 3 3
0030 4 3
0030 5 3
0030 6 4
0031 1 1
0031 2 1
0031 3 1
0031 4 12
0031 5 15
0031 5 16
0031 6 13
0031 6 14
0031 7 2
0031 8 3
0031 8 4
0031 9 5
0031 9 6
0031 10 7
0031 10 9
0031 11 8
0031 12 10
0031 13 11
0031 14 17
0031 16 24
0031 18 20
0031 19 21
0031 20 21
0031 21 21
0031 22 26
0032 1 3
0032 2 4
0032 3 5
0032 3 21
0032 3 25
0032 4 7
0032 5 6
0032 5 8
0032 6 9
0032 7 10
0032 8 11
0032 9 13
0032 9 14
0032 9 15
0032 10 13
0032 10 14
0032 10 15
0032 11 12
0032 12 12
0032 13 18
0032 14 19
0032 15 19
0032 16 20
0032 16 22
0032 17 23
0032 18 26
0032 19 27
0032 20 28
0032 21 29
0032 22 32
0033 1 1
0033 1 2
0033 2 3
0033 3 4
0033 4 5
0033 5 6
0033 6 8
0033 7 8
0033 8 8
0033 9 8
0033 10 8
0033 11 8
0033 12 7
0033 12 9
0033 13 10
0033 14 11
0033 15 12
0033 16 12
0033 17 13
0033 18 14
0033 19 15
0033 20 16
0033 20 17
0033 20 18
0033 21 19
0033 22 20
0033 23 22
0033 24 21
0033 25 23
0033 26 24
0033 26 25
0033 27 26
0033 28 27
0033 29 28
0033 30 29
0033 31 30
0033 32 31
0033 32 32
0033 33 33
0033 33 34
0033 34 35
0034 1 1
0034 3 1
0034 5 2
0034 6 3
0034 7 4
0034 8 9
0034 11 6
0034 11 7
0034 12 8
0034 13 10
0034 14 10
0034 15 10
0034 16 10
0034 17 13
0034 18 16
0034 19 18
0034 20 19
0034 21 20
0034 22 22
0034 23 21
0034 24 23
0035 1 1
0035 2 2
0035 3 5
0035 3 6
0035 3 7
0035 4 5
0035 4 6
0035 4 7
0035 5 8
0035 6 10
0035 7 9
0035 7 11
0035 9 12
0035 10 12
0035 11 16
0035 12 18
0035 13 17
0035 14 17
0035 15 17
0035 16 13
0035 16 14
0035 16 15
0035 17 13
0035 17 14
0035 17 15
0035 18 13
0035 18 14
0035 18 15
0035 19 19
0035 20 20
0035 23 21
0035 24 21
0035 25 22
0035 26 23
0036 1 9
0036 2 1
0036 2 3
0036 2 4
0036 2 5
0036 2 6
0036 3 1
0036 3 3
0036 3 4
0036 3 5
0036 3 6
0036 4 10
0036 5 10
0036 7 11
0036 8 12
0036 9 13
0036 11 14
0036 12 15
0036 14 16
0036 14 21
0036 14 22
0036 15 17
0036 16 18
0036 16 19
0036 17 23
0037 1 1
0037 1 2
0037 1 3
0037 2 4
0037 3 5
0037 3 6
0037 4 7
0037 5 7
0037 6 11
0037 7 8
0037 8 9
0037 9 10
0037 10 12
0037 11 13
0037 12 14
0037 13 15
0037 14 12
0037 15 16
0037 16 17
0037 17 18
0037 18 19
0037 19 20
0037 20 21
0037 21 22
0037 22 12
0037 23 23
0037 24 24
0037 25 25
0037 26 30
0037 27 26
0037 27 29
0037 28 27
0037 29 28
0037 30 31
0037 31 32
0037 31 33
0037 31 34
0037 31 35
0037 31 37
0037 32 39
0038 1 1
0038 2 1
0038 3 3
0038 4 2
0038 4 4
0038 5 5
0038 6 1
0038 7 1
0038 8 6
0038 8 7
0038 9 8
0038 10 9
0038 11 10
0038 12 11
0038 13 12
0038 14 13
0038 15 14
0038 16 15
0038 16 16
0038 17 17
0038 18 18
0038 19 18
0038 20 19
0038 21 19
0038 22 23
0038 23 24
0038 24 25
0038 25 26
0038 26 27
0038 27 28
0038 27 31
0038 28 29
0038 29 30
0038 30 30
0038 31 32
0038 32 33
0038 33 33
0038 34 34
0038 34 35
0038 35 34
0038 35 35
0038 36 36
0038 37 36
0038 38 37
0038 39 38
0039 1 1
0039 1 2
0039 2 3
0039 3 4
0039 4 5
0039 5 6
0039 6 7
0039 6 8
0039 6 9
0039 6 11
0039 7 7
0039 7 8
0039 7 9
0039 7 11
0039 8 10
0039 9 12
0039 10 13
0039 10 14
0039 10 15
0039 10 16
0039 10 17
0039 11 13
0039 11 14
0039 11 15
0039 11 16
0039 11 17
0039 12 18
0039 12 19
0039 13 20
0039 13 21
0039 13 22
0039 13 23
0039 13 25
0039 14 24
0039 15 26
0039 16 27
0039 16 29
0039 17 27
0039 17 29
0039 18 28
0039 19 30
0040 1 1
0040 2 1
0040 3 5
0041 1 1
0041 2 1
0041 3 2
0041 3 4
0041 4 3
0041 5 5
0041 5 6
0041 6 5
0041 6 6
0041 7 7
0041 8 8
0041 9 9
0041 10 7
0041 11 10
0041 12 11
0041 14 13
0041 15 12
0041 16 14
0041 17 14
0041 18 14
0041 19 15
0041 21 16
0041 22 17
0041 23 18
0041 25 20
0041 27 21
0041 28 21
0041 29 22
0041 31 23
0041 32 25
0041 33 24
0041 34 26
0042 1 1
0042 2 2
0042 3 4
0042 5 3
0042 6 3
0042 7 4
0042 8 4
0042 9 5
0042 10 9
0042 12 10
0042 13 13
0042 14 14
0042 15 15
0042 15 17
0042 16 16
0042 17 18
0042 18 20
0042 20 19
0042 21 19
0042 22 21
0042 23 22
0042 24 23
0042 25 24
0043 1 1
0043 1 2
0043 1 3
0043 2 1
0043 2 2
0043 2 3
0043 3 1
0043 3 2
0043 3 3
0043 4 4
0043 5 5
0043 5 6
0043 6 7
0043 6 8
0043 7 9
0043 8 9
0043 9 10
0043 10 11
0043 11 15
0043 11 16
0043 12 12
0043 12 14
0043 13 13
0043 14 17
0043 16 18
0043 17 19
0043 18 19
0043 19 19
0043 20 20
0043 21 21
0043 22 22
0043 22 23
0043 23 24
0043 23 25
0043 23 26
0043 24 27
0044 1 1
0044 2 3
0044 3 2
0044 4 4
0044 5 5
0044 5 6
0044 7 7
0044 7 8
0044 8 7
0044 8 8
0044 9 9
0044 10 10
0044 10 11
0044 11 12
0044 11 17
0044 12 13
0044 13 14
0044 14 15
0044 15 16
0044 16 18
0044 17 18
0044 18 19
0044 19 19
0044 20 20
0044 20 21
0044 20 22
0044 20 23
0044 20 24
0044 21 20
0044 21 21
0044 21 22
0044 21 23
0044 21 24
0044 22 25
0044 23 25
0044 24 25
0044 25 27
0044 26 26
0044 27 28
0045 1 3
0045 2 3
0045 3 1
0045 4 2
0045 5 4
0045 6 5
0045 6 6
0045 6 7
0045 6 8
0045 7 9
0045 9 10
0045 12 11
0045 13 20
0045 14 26
0045 15 21
0045 16 23
0045 16 24
0045 16 25
0045 17 22
0045 19 13
0045 21 12
0045 22 12
0045 23 14
0045 24 15
0045 26 16
0045 26 17
0045 27 15
0045 28 19
0045 29 19
0045 30 18
0045 31 18
0045 32 27
0046 1 1
0046 4 3
0046 5 4
0046 5 5
0046 5 6
0046 6 7
0046 7 8
0046 8 19
0046 8 20
0046 9 11
0046 11 9
0046 11 21
0046 11 26
0046 12 10
0046 12 21
0046 12 26
0046 13 22
0046 14 23
0046 15 24
0046 16 12
0046 17 12
0046 18 25
0046 19 27
0046 20 28
0047 1 1
0047 1 2
0047 1 3
0047 2 1
0047 2 2
0047 2 3
0047 3 1
0047 3 2
0047 3 3
0047 4 1
0047 4 2
0047 4 3
0047 5 1
0047 5 2
0047 5 3
0047 7 4
0047 7 6
0047 9 5
0047 10 8
0047 10 9
0047 11 10
0047 12 11
0047 13 12
0047 14 13
0047 15 14
0047 16 15
0047 17 16
0047 18 17
0047 19 18
0047 20 19
0047 21 20
0047 22 21
0047 23 22
0047 24 23
0047 25 24
0047 26 25
0047 27 26
0047 28 27
0047 29 28
0047 30 29
0047 31 30
0047 32 31
0048 1 2
0048 2 3
0048 3 4
0048 4 5
0048 5 8
0048 6 9
0048 7 10
0048 8 11
0048 9 12
0048 10 13
0048 11 13
0048 12 13
0048 13 13
0048 14 13
0048 16 15
0048 17 14
0048 18 14
0048 19 16
0048 20 17
0048 21 18
0049 1 1
0049 1 2
0049 1 3
0049 2 4
0049 3 4
0049 4 5
0049 5 6
0049 5 7
0049 5 8
0049 6 6
0049 6 7
0049 6 8
0049 7 9
0049 7 10
0049 8 11
0049 9 12
0049 9 13
0049 10 14
0049 11 15
0049 12 16
0049 13 18
0049 14 17
0049 15 19
0049 16 20
0049 17 21
0049 18 23
0049 19 24
0049 20 25
0049 21 21
0049 22 23
0049 23 26
0049 24 27
0049 25 28
0049 26 29
0049 27 30
0049 28 31
0049 28 32
0049 29 33
0049 30 34
0049 31 35
0049 31 36
0049 32 37
0049 33 38
0049 34 39
0049 35 40
0049 35 42
0049 36 41
0049 37 41
0049 38 43
0049 39 44
0049 39 45
0049 40 46
0049 41 47
0049 42 48
0050 1 1
0050 2 2
0050 3 4
0050 3 5
0050 5 3
0050 6 3
0050 7 4
0050 8 4
0050 9 5
0050 12 9
0050 13 8
0050 14 7
0050 15 8
0050 16 10
0050 17 12
0050 18 11
0050 19 11
0050 20 13
0050 21 14
0050 21 15
0050 22 16
0050 23 22
0050 24 22
0050 25 23
0050 26 24
0050 27 25
0051 1 1
0051 2 3
0051 3 3
0051 4 2
0051 5 4
0051 6 5
0051 6 6
0051 7 7
0051 7 10
0051 8 9
0051 9 8
0051 10 11
0051 11 12
0051 12 12
0051 13 13
0051 15 14
0051 16 15
0051 17 16
0051 18 17
0051 19 18
0051 20 19
0051 21 20
0051 22 17
0051 23 21
0051 24 22
0051 25 23
0051 26 27
0051 27 28
0052 1 1
0052 1 2
0052 1 3
0052 2 1
0052 2 2
0052 2 3
0052 3 9
0052 4 4
0052 4 5
0052 4 8
0052 6 6
0052 7 7
0052 8 10
0052 9 11
0053 2 2
0053 2 3
0053 3 1
0053 4 4
0053 6 5
0053 9 5
0053 10 6
0053 11 7
0053 12 8
0053 12 9
0053 13 10
0053 13 11
0053 13 13
0053 14 12
0053 15 12
0053 16 12
0053 17 14
0053 18 19
0053 19 19
0053 21 16
0053 22 17
0053 23 18
0053 24 20
0053 25 21
0053 26 22
0053 27 23
0053 30 24
0053 30 25
0053 33 26
0053 33 29
0053 33 30
0053 33 31
0053 34 28
0053 35 28
0053 36 27
0053 37 32
0054 1 2
0054 2 1
0054 3 3
0054 4 4
0054 5 5
0054 6 6
0054 6 7
0054 7 8
0054 7 13
0054 8 9
0054 9 10
0054 10 11
0054 11 12
0054 12 14
0055 1 2
0055 2 2
0055 3 3
0055 3 4
0055 4 5
0055 5 6
0055 6 6
0055 7 7
0055 7 8
0055 8 9
0055 8 10
0055 8 12
0055 8 13
0055 9 14
0055 10 11
0055 11 16
0055 11 17
0055 12 15
0055 13 18
0055 14 19
0055 18 21
0055 20 27
0055 20 28
0055 21 29
0055 22 30
0055 22 33
0055 22 34
0055 23 32
0055 24 31
0055 25 35
0055 26 36
0055 27 36
0055 28 37
0055 28 38
0055 29 39
0055 30 40
0055 32 23
0055 33 23
0055 34 24
0055 35 25
0055 36 26
0055 37 41
0056 1 1
0056 1 2
0056 2 5
0056 3 6
0056 4 6
0056 5 7
0056 6 8
0056 10 9
0056 11 12
0056 12 11
0056 13 10
0056 14 13
0056 15 14
0056 15 15
0056 15 16
0056 16 17
0056 17 18
0056 18 21
0056 19 22
0056 20 23
0056 21 23
0056 22 24
0056 22 26
0056 23 25
0056 24 27
0056 25 28
0056 25 30
0056 26 29
0056 27 31
0056 28 32
0056 29 33
0056 30 34
0056 31 35
0056 32 36
0056 33 37
0056 34 38
0056 34 39
0056 35 40
0057 1 7
0057 1 8
0057 1 9
0057 1 10
0057 1 12
0057 1 13
0057 2 7
0057 2 8
0057 2 9
0057 2 10
0057 2 12
0057 2 13
0057 3 7
0057 3 8
0057 3 9
0057 3 10
0057 3 12
0057 3 13
0057 4 7
0057 4 8
0057 4 9
0057 4 10
0057 4 12
0057 4 13
0057 5 7
0057 5 8
0057 5 9
0057 5 10
0057 5 12
0057 5 13
0057 6 2
0057 7 4
0057 8 14
0057 9 15
0057 10 16
0057 10 26
0057 10 37
0057 11 17
0057 12 18
0057 13 18
0057 14 19
0057 15 20
0057 16 21
0057 16 32
0057 17 23
0057 17 34
0057 18 22
0057 19 24
0057 20 25
0057 21 27
0057 22 29
0057 23 28
0057 24 30
0057 25 31
0057 26 33
0057 27 35
0057 28 36
0057 29 38
0057 30 39
0057 30 40
0057 31 41
0057 32 42
0057 33 43
0057 34 44
0057 34 46
0057 35 45
0057 36 47
0058 1 1
0058 2 2
0058 3 3
0058 4 4
0058 5 12
0058 6 5
0058 7 6
0058 8 7
0058 9 9
0058 10 10
0058 11 13
0058 12 14
0058 13 15
0058 14 16
0058 15 17
0058 15 19
0058 16 18
0058 17 25
0058 18 25
0058 19 26
0058 20 26
0058 21 28
0058 22 29
0058 23 30
0058 24 34
0058 25 31
0058 26 32
0058 27 33
0058 28 35
0058 29 36
0058 30 37
0058 31 38
0058 32 39
0058 32 40
0058 33 41
0058 33 42
0058 34 45
0058 35 43
0058 36 44
0058 37 44
0058 38 46
0059 1 15
0059 2 14
0059 3 16
0059 5 1
0059 8 4
0059 9 3
0059 10 5
0059 11 7
0059 11 9
0059 12 6
0059 13 10
0059 14 12
0059 15 11
0059 16 13
0059 17 17
0060 2 3
0060 2 4
0060 3 5
0060 4 5
0060 5 6
0060 7 10
0060 7 11
0060 7 12
0060 7 13
0060 8 10
0060 8 11
0060 8 12
0060 8 13
0060 10 14
0060 11 10
0060 11 11
0060 11 12
0060 11 13
0060 12 15
0060 13 7
0060 14 8
0060 15 9
0060 16 15
0060 17 25
0060 18 26
0060 21 16
0060 21 17
0060 22 21
0060 22 24
0060 23 22
0060 24 23
0060 25 23
0060 27 27
0060 27 28
0060 28 29
0060 29 31
0060 30 32
0060 31 33
0060 31 37
0060 31 38
0060 32 34
0060 32 35
0060 32 36
0060 33 39
0060 34 40
0060 35 41
0060 36 44
0060 37 43
0060 38 45
0060 39 46
0060 40 47
0060 41 48
0060 42 49
0060 42 50
0060 43 49
0060 43 50
0060 44 51
0060 45 53
0060 46 54
0060 47 55
0060 48 56
0060 49 57
0060 49 58
0060 50 59
0061 1 1
0061 2 3
0061 2 5
0061 4 2
0061 5 3
0061 5 5
0061 6 4
0061 7 4
0061 8 4
0061 9 4
0061 10 6
0062 1 1
0062 2 3
0062 3 2
0062 4 4
0062 5 5
0064 1 3
0064 2 2
0064 3 1
0064 4 4
0064 5 7
0064 6 5
0064 7 7
0064 8 6
0064 9 6
0064 10 8
0064 11 9
0064 12 11
0064 13 10
0064 13 13
0064 14 12
0064 15 14
0064 15 17
0064 16 15
0064 16 16
0064 17 18
0064 18 19
0064 19 19
0064 20 20
0064 20 21
0064 21 23
0064 22 22
0064 23 24
0065 1 1
0065 1 2
0065 1 3
0065 1 4
0065 1 5
0065 2 1
0065 2 2
0065 2 3
0065 2 4
0065 2 5
0065 3 6
0065 4 7
0065 7 8
0065 8 8
0065 9 10
0065 10 10
0065 11 13
0065 12 12
0065 13 14
0065 14 16
0065 15 15
0065 16 15
0065 17 17
0065 18 18
0066 1 1
0066 2 2
0066 3 3
0066 4 4
0066 5 4
0066 5 5
0066 6 6
0066 6 7
0066 7 8
0066 8 9
0066 9 10
0066 10 10
0066 11 11
0066 11 12
0066 12 13
0066 13 14
0066 14 15
0066 16 17
0066 17 16
0066 18 18
0066 19 19
0066 19 20
0066 20 19
0066 20 20
0066 21 19
0066 21 20
0066 22 21
0066 23 22
0066 24 22
0066 25 23
0066 26 24
0066 28 23
0066 29 25
0066 30 26
0066 30 27
0066 30 28
0066 31 26
0066 31 27
0066 31 28
0066 32 29
0066 33 29
0066 34 30
0066 34 34
0066 35 33
0066 36 32
0066 37 31
0066 38 35
0066 39 36
0067 1 1
0067 2 1
0067 3 2
0067 4 3
0067 5 3
0067 6 3
0067 7 4
0067 8 5
0067 9 6
0067 10 7
0067 11 8
0067 12 9
0067 13 10
0067 13 12
0067 14 13
0067 15 14
0068 1 1
0068 1 2
0068 1 3
0068 1 4
0068 2 1
0068 2 2
0068 2 3
0068 2 4
0068 3 5
0068 4 6
0068 4 10
0068 5 7
0068 6 8
0068 7 9
0068 8 9
0068 9 11
0068 9 12
0068 9 13
0068 9 14
0068 10 11
0068 10 12
0068 10 13
0068 10 14
0068 11 11
0068 11 12
0068 11 13
0068 11 14
0068 12 11
0068 12 12
0068 12 13
0068 12 14
0068 13 11
0068 13 12
0068 13 13
0068 13 14
0068 14 15
0069 1 2
0069 1 3
0069 1 4
0069 2 2
0069 2 3
0069 2 4
0069 3 1
0069 4 5
0069 5 6
0069 6 8
0069 7 7
0069 8 9
0069 8 10
0069 9 11
0069 10 12
0069 11 13
0070 1 3
0070 2 4
0070 3 5
0070 3 6
0070 3 7
0070 4 9
0070 5 10
0070 7 11
0070 8 12
0070 8 13
0070 9 14
0070 10 15
0070 11 16
0071 1 3
0071 2 3
0071 3 6
0071 3 7
0071 3 8
0071 4 4
0071 5 5
0071 6 9
0072 1 2
0072 1 4
0072 2 3
0072 3 5
0072 4 6
0072 5 7
0073 1 1
0073 3 2
0073 4 4
0073 5 3
0073 5 5
0073 6 6
0073 11 14
0073 12 14
0073 13 15
0073 13 16
0073 13 17
0073 14 12
0073 16 13
0073 17 7
0073 19 9
0073 20 11
0073 21 10
0073 22 18
0074 1 2
0074 2 1
0074 3 3
0074 4 4
0074 5 5
0074 6 6
0074 7 6
0074 8 7
0074 9 8
0075 1 5
0075 1 6
0075 2 8
0075 3 7
0075 4 7
0075 7 4
0075 8 4
0075 9 3
0075 10 3
0075 11 9
0076 1 1
0076 2 2
0076 3 3
0076 4 4
0076 4 8
0076 4 9
0076 5 5
0076 5 7
0076 6 6
0076 7 6
0076 8 10
0077 1 1
0077 1 2
0077 2 1
0077 2 2
0077 3 3
0077 4 4
0077 5 5
0077 6 6
0077 7 7
0077 7 8
0077 7 9
0077 8 7
0077 8 8
0077 8 9
0077 9 7
0077 9 8
0077 9 9
0077 10 7
0077 10 8
0077 10 9
0077 11 7
0077 11 8
0077 11 9
0077 12 10
0077 13 11
0077 14 12
0077 15 13
0078 1 1
0078 1 2
0078 2 3
0078 3 4
0078 4 5
0078 4 9
0078 5 5
0078 5 9
0078 6 5
0078 6 9
0078 7 7
0078 8 6
0078 8 8
0078 8 11
0078 10 10
0078 11 12
0078 12 13
0078 13 14
0078 14 15
0078 14 16
0078 14 17
0078 14 18
0078 14 19
0078 14 26
0078 14 21
0078 16 15
0078 16 16
0078 16 17
0078 16 18
0078 16 19
0078 16 21
0078 17 23
0078 18 23
0078 19 24
0078 20 25
0078 21 27
0078 22 28
0078 23 29
0079 1 1
0079 2 3
0079 3 2
0079 4 4
0079 5 5
0079 5 6
0079 5 7
0079 5 9
0079 6 8
0079 7 10
0079 8 10
0079 9 15
0079 10 11
0079 12 12
0079 13 17
0079 14 16
0079 15 15
0079 16 19
0079 17 20
0079 18 21
0079 19 23
0079 20 23
0079 21 26
0080 1 1
0080 3 6
0080 4 8
0080 5 9
0080 6 10
0080 6 11
0080 8 2
0080 9 3
0080 9 4
0080 10 5
0080 11 5
0080 12 12
0081 1 1
0081 2 2
0081 3 3
0081 3 4
0081 4 5
0081 6 6
0081 7 7
0081 8 8
0081 8 9
0081 8 10
0081 9 11
0081 10 12
0081 11 13
0081 12 14
0082 1 7
0082 2 7
0082 3 6
0082 6 8
0082 8 9
0082 9 9
0082 10 10
0082 11 11
0082 12 11
0082 13 12
0082 14 11
0082 15 13
0082 16 16
0082 17 18
0082 18 17
0082 19 15
0082 20 14
0082 21 14
0082 22 19
0083 1 1
0083 2 1
0083 3 8
0083 4 3
0083 4 7
0083 5 2
0083 6 4
0083 6 6
0083 7 5
0083 8 9
0084 1 1
0084 2 2
0084 5 2
0084 6 2
0084 7 3
0084 8 4
0084 8 5
0084 8 6
0084 9 7
0085 1 1
0085 2 2
0085 3 4
0085 5 5
0085 6 4
0085 7 3
0085 8 3
0085 9 6
0086 1 1
0086 2 2
0086 3 4
0086 4 4
0086 5 5
0086 7 7
0086 8 6
0086 9 8
0086 10 9
0086 11 9
0086 12 10
0086 13 12
0086 15 13
0086 16 14
0087 1 9
0087 2 2
0087 3 3
0087 4 4
0087 5 6
0087 6 5
0087 7 10
0087 9 11
0087 9 12
0087 9 13
0087 10 11
0087 10 12
0087 10 13
0087 11 14
0088 1 4
0088 3 4
0088 4 3
0088 5 1
0088 6 2
0088 7 5
0088 8 6
0088 9 7
0088 10 7
0088 11 7
0088 12 7
0088 13 9
0088 14 10
0088 15 11
0088 16 12
0088 17 13
0088 18 13
0088 19 14
0088 20 15
0088 21 16
0088 22 18
0088 23 17
0088 24 19
0088 25 19
0088 26 21
0088 27 20
0088 28 22
0089 1 1
0089 2 1
0089 3 2
0089 4 4
0089 6 8
0089 7 9
0089 8 10
0089 9 10
0089 10 11
0089 10 12
0089 10 13
0089 10 28
0089 11 14
0089 12 15
0089 15 16
0089 16 17
0089 17 18
0089 18 19
0089 18 20
0089 18 21
0089 20 19
0089 20 20
0089 20 21
0089 21 19
0089 21 20
0089 21 21
0089 23 22
0089 25 33
0089 26 23
0089 26 24
0089 26 25
0089 26 26
0089 27 27
0089 28 33
0089 29 32
0089 30 31
0089 31 29
0089 32 30
0089 33 34
0090 1 3
0090 2 4
0090 3 5
0090 4 8
0090 5 7
0090 6 6
0090 7 10
0090 8 9
0090 9 11
0090 10 12
0090 11 13
0090 11 14
0090 11 15
0090 12 13
0090 12 14
0090 12 15
0090 13 13
0090 13 14
0090 13 15
0090 14 16
0091 1 1
0091 1 2
0091 2 3
0091 3 3
0091 4 7
0091 5 4
0091 6 5
0091 7 8
0092 1 1
0092 1 2
0092 2 3
0092 3 4
0092 4 5
0092 5 6
0092 6 8
0092 8 7
0092 8 9
0092 8 10
0092 8 11
0092 10 12
0092 11 13
0092 13 14
0092 14 15
0092 15 17
0092 16 16
0092 17 20
0093 1 1
0093 1 2
0093 2 3
0093 4 5
0093 6 5
0093 7 5
0093 8 6
0093 9 7
0093 10 8
0093 10 9
0093 11 11
0093 12 12
0093 12 13
0093 13 14
0093 14 14
0093 15 18
0093 15 19
0093 17 18
0093 17 19
0093 18 18
0093 18 19
0093 19 18
0093 19 19
0093 20 18
0093 20 19
0093 21 15
0093 23 17
0093 24 16
0093 25 20
0094 1 1
0094 1 2
0094 1 3
0094 2 1
0094 2 2
0094 2 3
0094 5 1
0094 5 2
0094 5 3
0094 7 1
0094 7 2
0094 7 3
0094 8 4
0094 9 5
0094 9 6
0094 10 7
0094 11 15
0094 12 15
0094 13 16
0094 13 19
0094 14 17
0094 16 18
0094 17 13
0094 19 13
0094 20 13
0094 21 14
0094 22 8
0094 23 9
0094 24 10
0094 24 11
0094 24 12
0094 25 20
0095 1 1
0095 2 1
0095 3 2
0096 1 2
0096 2 4
0096 4 4
0096 5 4
0096 6 5
0096 7 6
0096 7 7
0096 7 8
0096 7 9
0096 9 10
0096 10 12
0096 11 11
0096 12 11
0096 14 13
0096 14 14
0096 15 19
0096 16 18
0096 17 17
0096 18 15
0096 18 16
0096 19 20
0097 1 1
0097 3 2
0097 3 3
0097 4 4
0097 4 5
0097 4 6
0097 5 7
0098 1 1
0098 2 1
0098 3 2
0099 1 1
0099 2 2
0099 3 3
0099 3 4
0099 4 5
0099 4 6
0099 5 8
0099 6 7
0099 7 9
0100 1 1
0100 2 2
0100 2 3
0100 4 4
0100 5 6
0100 6 5
0100 8 25
0100 8 26
0100 8 27
0100 8 28
0100 8 29
0100 11 30
0100 12 31
0100 12 33
0100 12 34
0100 13 32
0100 14 32
0100 16 23
0100 18 22
0100 20 10
0100 21 11
0100 22 13
0100 23 12
0100 23 14
0100 24 15
0100 25 18
0100 26 16
0100 27 16
0100 28 17
0100 29 35
0101 1 1
0101 1 2
0101 1 3
0101 1 4
0101 2 1
0101 2 2
0101 2 3
0101 2 4
0101 3 5
0101 3 7
0101 4 6
0101 5 6
0101 6 8
0101 7 9
0101 8 10
0101 9 11
0101 10 12
0101 11 12
0101 12 13
0101 13 14
0101 14 15
0101 15 16
0101 15 17
0101 17 18
0101 17 20
0101 18 18
0101 18 20
0101 19 19
0101 20 19
0101 21 21
0101 22 22
0101 23 23
0101 24 24
0101 25 25
0101 25 26
0101 26 27
0101 27 28
0101 29 28
0101 30 28
0101 31 29
0101 32 30
0102 1 5
0102 2 11
0102 3 6
0102 4 8
0102 6 10
0102 11 12
0102 11 13
0102 12 14
0102 14 15
0102 15 16
0102 17 1
0102 17 2
0102 17 3
0102 17 4
0102 18 17
0102 18 18
0102 19 1
0102 19 2
0102 19 3
0102 19 4
0102 20 19
0102 20 20
0102 21 21
0102 22 22
0102 23 26
0102 24 27
0102 25 28
0102 27 31
0102 28 30
0102 29 29
0102 30 32
0102 31 33
0102 32 34
0102 33 35
0103 1 4
0103 1 5
0103 1 6
0103 2 3
0103 4 1
0103 5 2
0103 6 7
0103 7 13
0103 7 14
0103 8 11
0103 8 12
0103 9 11
0103 9 12
0103 10 8
0103 11 10
0103 12 9
0103 13 15
0103 14 15
0103 15 16
0103 16 16
0103 17 17
0103 18 18
0103 19 19
0103 20 20
0103 21 21
0103 22 22
0104 1 2
0104 1 3
0104 2 1
0104 3 4
0104 4 6
0104 4 7
0104 5 5
0104 6 8
0104 7 11
0104 8 12
0104 9 13
0104 10 14
0104 10 15
0104 11 16
0104 12 17
0104 13 18
0105 1 1
0105 2 2
0105 2 3
0105 2 5
0105 4 4
0105 5 6
0105 6 7
0105 7 8
0105 7 9
0105 7 10
0105 8 11
0105 9 11
0105 10 11
0105 11 12
0105 12 13
0105 13 14
0105 17 15
0105 18 16
0105 18 17
0105 18 18
0105 18 19
0105 19 20
0105 20 21
0105 21 22
0105 22 22
0105 23 22
0105 24 23
0105 25 24
0105 26 24
0105 27 25
0105 28 25
0105 29 26
0106 1 4
0106 2 1
0106 3 2
0106 4 3
0106 5 5
0106 6 6
0106 8 7
0106 9 8
0106 10 9
0106 11 10
0106 12 11
0106 13 12
0106 14 13
0106 15 14
0106 16 15
0106 17 17
0106 18 16
0106 18 18
0106 19 20
0106 20 19
0106 21 19
0106 22 21
0107 1 2
0107 2 1
0107 3 3
0107 5 4
0107 6 5
0107 7 9
0107 8 7
0107 9 6
0107 9 8
0107 10 11
0107 10 12
0107 10 13
0107 11 11
0107 11 12
0107 11 13
0107 12 14
0107 12 15
0107 13 16
0108 1 11
0108 2 12
0108 3 12
0108 4 13
0108 5 1
0108 5 2
0108 5 3
0108 5 7
0108 6 4
0108 6 5
0108 6 5
0108 7 1
0108 7 2
0108 7 3
0108 7 7
0108 8 8
0108 9 9
0108 10 10
0108 11 14
0109 1 1
0109 1 2
0109 2 3
0109 3 3
0109 4 4
0109 5 5
0109 6 6
0109 7 9
0109 8 11
0109 9 12
0109 10 12
0109 11 10
0109 12 10
0109 13 13
0110 1 1
0110 2 2
0110 3 2
0110 4 4
0110 4 5
0110 5 3
0110 6 6
0110 7 6
0110 8 6
0110 9 7
0110 9 8
0110 11 9
0110 12 10
0110 13 10
0110 14 24
0110 14 25
0110 15 12
0110 15 13
0110 16 14
0110 18 15
0110 18 16
0110 18 17
0110 19 18
0110 21 19
0110 21 20
0110 22 21
0110 25 22
0110 25 23
0110 26 28
0111 1 1
0111 1 3
0111 2 2
0111 3 2
0111 4 5
0111 6 4
0111 7 4
0111 8 6
0111 9 8
0112 1 1
0112 2 2
0112 3 3
0112 5 4
0112 6 5
0112 7 6
0112 8 7
0112 9 7
0112 10 7
0112 11 7
0112 13 8
0112 14 9
0112 15 10
0112 17 11
0112 18 10
0112 19 12
0112 19 13
0112 19 14
0112 20 10
0112 21 10
0112 22 10
0112 24 15
0112 25 16
0112 25 18
0112 26 16
0112 26 18
0112 27 16
0112 27 18
0112 28 17
0112 29 19
0112 30 19
0112 31 20
0112 32 21
0112 33 22
0112 34 22
0112 35 23
0112 36 24
0112 37 24
0112 38 24
0112 39 24
0112 41 38
0112 42 39
0112 44 26
0112 44 27
0112 44 28
0112 45 29
0112 46 30
0112 47 31
0112 48 33
0112 49 32
0112 50 32
0112 51 40
0113 1 1
0113 1 4
0113 2 3
0113 3 2
0113 4 5
0113 5 5
0113 6 6
0113 7 7
0114 1 2
0114 2 2
0114 5 7
0114 6 8
0114 8 3
0114 8 4
0114 9 5
0114 10 6
0114 11 9
0115 1 2
0115 2 3
0115 3 3
0115 4 7
0115 5 8
0115 6 9
0115 7 13
0115 7 14
0115 7 15
0115 8 6
0115 9 16
0115 10 19
0115 11 17
0115 12 20
0115 14 22
0115 15 23
0115 15 24
0115 17 21
0115 18 25
0115 19 25
0115 20 30
0115 20 31
0115 20 32
0115 21 26
0115 22 28
0115 23 27
0115 23 29
0115 24 33
0116 1 1
0116 2 2
0116 3 3
0116 3 4
0116 3 5
0116 3 6
0116 4 3
0116 4 4
0116 4 5
0116 4 6
0116 6 3
0116 6 4
0116 6 5
0116 6 6
0116 7 7
0116 8 10
0116 9 8
0116 10 9
0116 11 11
0117 1 1
0117 1 3
0117 2 2
0117 3 4
0117 4 5
0117 4 6
0117 6 7
0117 7 8
0117 9 9
0117 10 14
0117 10 15
0117 10 16
0117 12 18
0117 13 19
0117 14 22
0117 15 23
0117 15 24
0117 16 25
0117 17 25
0117 18 26
0117 19 27
0118 3 3
0118 5 5
0118 5 6
0118 6 7
0118 6 8
0118 6 9
0118 8 7
0118 8 8
0118 8 9
0118 9 7
0118 9 8
0118 9 9
0118 10 11
0118 10 12
0118 11 13
0118 12 13
0118 13 21
0118 14 19
0118 15 20
0118 16 15
0118 16 16
0118 17 15
0118 17 16
0118 18 17
0118 18 18
0118 19 22
0119 1 1
0119 1 2
0119 2 3
0119 2 6
0119 3 3
0119 3 6
0119 4 4
0119 4 5
0119 5 7
0120 1 1
0120 2 2
0120 3 3
0120 4 5
0120 6 5
0120 7 5
0120 8 6
0120 9 6
0120 10 7
0120 11 7
0120 12 7
0120 13 11
0120 14 12
0120 14 13
0120 15 12
0120 15 13
0120 16 12
0120 16 13
0120 17 14
0120 18 16
0120 19 17
0121 1 1
0121 2 1
0121 3 2
0121 4 3
0121 4 4
0121 5 5
0121 6 6
0121 7 7
0121 8 8
0121 8 11
0121 9 9
0121 9 10
0121 11 12
0121 12 13
0121 13 14
0121 17 17
0121 17 18
0121 18 19
0121 19 20
0121 20 20
0121 21 21
0121 22 22
0122 1 1
0122 2 2
0122 2 3
0122 3 4
0122 4 6
0122 5 7
0122 6 8
0122 7 8
0122 8 9
0122 9 12
0122 10 13
0122 11 14
0122 17 15
0123 1 1
0123 2 1
0123 3 2
0123 4 3
0123 4 4
0123 5 5
0123 6 6
0123 7 7
0123 7 8
0123 8 7
0123 8 8
0123 9 9
0123 10 10
0123 10 11
0123 11 12
0123 12 13
0123 13 14
0123 14 16
0123 15 15
0123 16 16
0123 17 17
0123 18 18
0123 18 21
0123 19 19
0123 20 20
0123 21 22
0123 22 23
0123 23 24
0123 24 24
0123 25 25
0123 26 26
0123 27 28
0123 28 27
0123 29 28
0123 30 29
0123 31 30
0123 32 31
0123 33 32
0123 34 32
0123 35 33
0123 35 34
0123 36 35
0123 37 36
0123 38 38
0123 39 37
0123 40 39
0123 41 42
0123 42 40
0123 42 41
0123 43 43
0124 1 1
0124 1 2
0124 2 7
0124 3 7
0124 4 8
0124 5 3
0124 6 3
0124 7 4
0124 8 4
0124 9 5
0124 10 9
0124 11 10
0124 11 11
0124 11 12
0124 12 10
0124 12 11
0124 12 12
0124 13 13
0124 13 17
0124 14 16
0124 15 16
0124 16 15
0124 17 15
0124 18 14
0124 19 18
0124 20 19
0124 21 20
0124 22 21
0124 24 22
0124 25 23
0124 26 24
0124 27 25
0125 1 1
0125 2 2
0125 3 3
0125 4 4
0125 5 6
0125 6 5
0125 7 7
0125 8 8
0125 9 9
0125 12 12
0125 13 13
0125 15 15
0125 16 14
0125 17 16
0125 19 17
0125 19 18
0125 19 19
0125 20 20
0125 21 21
0125 23 23
0125 24 22
0125 25 24
0125 27 25
0125 27 26
0125 28 27
0125 28 28
0125 28 29
0125 28 30
0125 29 31
0126 1 1
0126 1 2
0126 2 3
0126 3 4
0126 3 5
0126 4 6
0126 4 7
0126 5 8
0126 6 9
0126 6 10
0126 7 11
0126 8 12
0126 9 13
0126 11 13
0126 12 14
0126 13 15
0126 14 16
0126 15 17
0126 16 18
0126 17 19
0126 18 20
0126 19 21
0126 20 22
0126 21 24
0126 23 23
0126 24 25
0126 25 26
0126 26 27
0126 27 28
0126 28 29
0126 29 30
0126 30 30
0126 31 30
0126 32 31
0126 33 31
0126 34 32
0126 35 33
0127 3 1
0127 3 2
0127 4 6
0127 5 8
0127 6 9
0127 6 10
0127 7 11
0127 8 7
0127 9 12
0127 9 13
0127 10 14
0127 11 21
0127 12 22
0127 13 23
0127 13 24
0127 14 17
0127 16 15
0127 16 16
0127 16 20
0127 17 15
0127 17 16
0127 17 20
0127 18 15
0127 18 16
0127 18 20
0127 19 17
0127 20 18
0127 21 19
0127 21 28
0127 22 25
0127 23 26
0127 24 27
0127 25 29
0127 25 30
0127 26 31
0127 27 33
0127 28 32
0127 28 34
0127 29 35
0128 1 1
0128 2 2
0128 3 3
0128 5 4
0128 6 5
0128 6 6
0128 7 7
0128 7 8
0128 8 9
0128 10 10
0128 11 11
0128 12 14
0128 13 14
0128 14 15
0128 15 17
0128 16 18
0128 17 16
0128 18 19
0128 20 20
0128 21 21
0128 22 22
0128 23 22
0128 24 22
0128 25 24
0128 26 26
0129 1 3
0129 2 4
0129 3 4
0129 4 7
0130 3 1
0130 3 7
0130 4 6
0130 5 6
0130 6 4
0130 7 3
0130 8 2
0130 9 10
0130 10 11
0130 11 12
0130 12 13
0130 13 14
0130 14 15
0130 15 16
0130 15 17
0130 16 18
0130 17 19
0130 18 20
0131 1 1
0131 2 3
0131 4 2
0131 4 4
0131 5 8
0131 7 6
0131 8 7
0131 9 9
0131 10 10
0131 10 11
0131 10 12
0131 10 13
0131 11 10
0131 11 11
0131 11 12
0131 11 13
0131 12 10
0131 12 11
0131 12 12
0131 12 13
0131 13 14
0131 14 15
0131 14 16
0131 14 17
0131 14 18
0131 14 19
0131 14 20
0131 14 21
0131 15 15
0131 15 16
0131 15 17
0131 15 18
0131 15 19
0131 15 20
0131 15 21
0131 16 15
0131 16 16
0131 16 17
0131 16 18
0131 16 19
0131 16 20
0131 16 21
0131 17 15
0131 17 16
0131 17 17
0131 17 18
0131 17 19
0131 17 20
0131 17 21
0131 18 15
0131 18 16
0131 18 17
0131 18 18
0131 18 19
0131 18 20
0131 18 21
0131 19 22
0131 20 23
0131 20 24
0131 21 25
0131 21 26
0131 24 38
0131 25 39
0131 27 27
0131 28 28
0131 29 31
0131 30 32
0131 31 29
0131 31 30
0131 31 33
0131 31 34
0131 32 29
0131 32 30
0131 32 33
0131 32 34
0131 33 29
0131 33 30
0131 33 33
0131 33 34
0131 34 40
0132 1 1
0132 2 2
0132 3 3
0132 4 4
0132 5 5
0132 6 6
0132 7 8
0132 8 7
0132 8 10
0132 9 9
0132 11 11
0132 12 12
0132 12 13
0132 12 17
0132 13 14
0132 13 16
0132 15 18
0132 15 19
0132 15 20
0132 16 21
0132 17 22
0132 17 23
0132 18 24
0133 1 1
0133 2 1
0133 3 2
0133 4 3
0133 5 4
0133 6 5
0133 7 8
0133 8 9
0133 9 10
0133 11 11
0133 12 12
0133 13 13
0133 13 14
0133 14 13
0133 14 14
0133 16 15
0133 16 16
0133 17 17
0133 17 18
0133 18 19
0133 20 20
0133 20 23
0133 21 21
0133 22 22
0133 23 22
0133 24 22
0133 25 24
0133 27 25
0133 27 26
0133 28 27
0133 28 28
0133 28 30
0133 29 29
0133 30 31
0134 1 2
0134 3 3
0134 3 4
0134 3 5
0134 4 8
0134 5 22
0134 6 22
0134 7 23
0134 8 24
0134 9 25
0134 11 9
0134 12 10
0134 13 11
0134 14 12
0134 15 13
0134 19 15
0134 22 16
0134 23 17
0134 23 19
0134 24 18
0134 25 28
0135 1 1
0135 1 2
0135 2 4
0135 3 7
0135 4 6
0135 5 5
0135 6 8
0135 7 9
0135 8 11
0135 9 10
0135 9 12
0135 10 13
0135 11 19
0135 12 14
0135 13 15
0135 14 16
0135 15 17
0135 16 18
0135 17 20
0136 1 1
0136 3 2
0136 3 3
0136 4 4
0136 4 6
0136 5 5
0136 6 7
0136 7 8
0136 8 15
0136 9 15
0136 10 14
0136 11 14
0136 12 13
0136 13 10
0136 14 9
0136 14 12
0136 15 11
0136 16 16
0137 1 1
0137 2 2
0137 3 3
0137 4 4
0137 5 5
0137 6 6
0137 7 7
0137 8 7
0137 10 8
0137 11 9
0137 12 10
0137 13 11
0137 15 12
0137 16 13
0137 17 14
0137 18 15
0137 19 16
0137 19 18
0137 20 17
0137 21 19
0137 22 21
0137 23 22
0138 1 1
0138 2 2
0138 3 7
0138 4 4
0138 5 5
0138 6 6
0138 7 7
0138 8 8
0138 9 9
0138 9 12
0138 10 11
0138 11 10
0138 12 13
0139 1 1
0139 2 2
0139 3 3
0139 4 4
0139 5 5
0139 6 6
0139 7 7
0139 10 8
0139 11 9
0139 12 9
0139 13 9
0139 14 10
0139 15 11
0140 1 7
0140 3 1
0140 5 2
0140 6 3
0140 7 4
0140 8 5
0140 9 6
0140 10 8
0140 11 9
0140 12 10
0140 13 11
0140 14 15
0140 16 12
0140 17 13
0140 19 16
0140 20 19
0140 21 18
0140 22 18
0140 23 21
0140 23 22
0140 24 20
0140 24 23
0140 25 20
0140 25 23
0140 26 24
0140 27 25
0140 28 26
0140 28 27
0140 29 28
0141 1 2
0141 2 3
0141 3 4
0141 3 5
0141 4 6
0141 5 6
0141 6 7
0141 7 8
0141 8 10
0141 9 9
0141 10 11
0141 11 12
0141 11 13
0141 12 14
0141 12 16
0141 13 15
0141 14 17
0141 14 18
0141 14 19
0141 15 20
0141 16 20
0141 17 21
0141 18 21
0141 19 22
0141 20 23
0141 21 24
0141 22 25
0141 23 26
0141 25 27
0141 26 28
0141 26 32
0141 28 31
0141 29 29
0141 30 33
0141 31 35
0141 32 36
0141 33 37
0141 35 40
0141 36 39
0141 37 41
0142 1 1
0142 2 2
0142 3 3
0142 4 4
0142 4 5
0142 5 6
0142 5 7
0142 5 8
0142 6 9
0142 7 10
0142 8 11
0142 8 12
0142 9 16
0142 9 19
0142 10 17
0142 11 18
0142 12 13
0142 13 14
0142 14 1
0142 16 20
0142 17 21
0142 17 22
0142 17 25
0142 20 24
0142 21 23
0142 23 26
0143 1 1
0143 2 1
0143 3 2
0143 3 4
0143 4 8
0143 6 9
0143 6 10
0143 7 11
0143 8 5
0143 9 7
0143 10 6
0143 11 14
0144 1 1
0144 2 2
0144 4 3
0144 6 5
0144 9 6
0144 10 7
0144 11 8
0144 12 10
0144 13 10
0144 14 9
0144 15 11
0144 16 13
0144 17 13
0144 19 12
0144 20 14
0144 21 14
0144 22 16
0144 23 17
0144 23 18
0144 23 19
0144 25 17
0144 25 18
0144 25 19
0144 26 24
0144 27 25
0144 28 26
0144 29 22
0144 30 22
0144 31 21
0144 32 27
0144 33 29
0144 34 28
0144 36 30
0144 37 29
0144 38 31
0144 39 33
0144 40 34
0144 40 35
0144 40 36
0144 40 37
0144 41 34
0144 41 35
0144 41 36
0144 41 37
0144 42 34
0144 42 35
0144 42 36
0144 42 37
0144 43 38
0145 1 1
0145 2 1
0145 3 2
0145 4 2
0145 5 3
0145 6 4
0145 7 5
0145 8 6
0145 9 7
0145 10 12
0145 10 13
0145 11 14
0145 12 15
0145 13 16
0145 15 8
0145 16 10
0145 17 17
0145 18 18
0145 18 19
0145 18 20
0145 19 18
0145 19 19
0145 19 20
0145 20 21
0145 21 21
0145 22 22
0145 23 23
0146 1 1
0146 3 1
0146 4 3
0146 5 4
0146 6 4
0146 9 24
0146 9 25
0146 10 24
0146 10 25
0146 11 26
0146 13 7
0146 14 9
0146 15 8
0146 16 9
0146 17 11
0146 17 13
0146 18 12
0146 19 12
0146 21 14
0146 22 16
0146 23 15
0146 24 27
0147 1 1
0147 2 2
0147 3 3
0147 4 4
0147 5 5
0147 5 8
0147 6 6
0147 6 7
0147 7 6
0147 7 7
0147 8 6
0147 8 7
0147 9 10
0147 9 18
0147 10 12
0147 10 13
0147 11 11
0147 12 14
0147 13 16
0147 13 17
0147 14 16
0147 14 17
0147 15 15
0147 16 19
0147 17 20
0147 18 20
0147 20 21
0147 22 23
0147 22 24
0147 22 25
0147 23 27
0147 25 29
0147 26 30
0147 27 31
0147 28 32
0147 29 33
0147 30 35
0147 32 34
0147 33 34
0147 35 36
0147 35 37
0147 36 38
0147 37 39
0148 1 2
0148 2 2
0148 3 3
0148 4 4
0148 5 6
0148 6 5
0148 7 7
0148 8 8
0149 1 1
0149 1 2
0149 1 3
0149 1 4
0149 2 1
0149 2 2
0149 2 3
0149 2 4
0149 3 1
0149 3 2
0149 3 3
0149 3 4
0149 4 5
0153 1 1
0153 1 2
0153 1 3
0153 1 4
0153 2 1
0153 2 2
0153 2 3
0153 2 4
0153 3 1
0153 3 2
0153 3 3
0153 3 4
0153 4 5
0153 5 10
0153 6 10
0153 7 9
0153 8 11
0154 1 1
0154 2 2
0155 1 1
0155 1 2
0155 2 3
0155 3 4
0155 4 5
0156 1 1
0156 2 6
0156 4 7
0156 5 8
0157 1 1
0157 4 2
0157 4 3
0157 5 4
0157 5 5
0157 5 6
0157 6 2
0157 6 3
0157 7 2
0157 7 3
0157 8 7
0157 8 8
0157 9 10
0157 11 7
0157 11 8
0157 12 11
0157 12 12
0157 12 13
0157 12 14
0157 13 11
0157 13 12
0157 13 13
0157 13 14
0157 14 11
0157 14 12
0157 14 13
0157 14 14
0157 15 11
0157 15 12
0157 15 13
0157 15 14
0157 16 15
0158 1 1
0158 1 3
0158 2 2
0158 3 4
0158 4 8
0158 4 9
0158 5 5
0158 6 6
0158 7 7
0158 8 10
0159 1 1
0159 1 4
0159 2 2
0159 3 3
0159 4 5
0159 5 6
0159 6 7
0159 7 8
0159 7 9
0159 8 8
0159 8 9
0159 9 10
0159 10 12
0159 10 13
0159 11 11
0159 12 14
0160 1 1
0160 4 4
0160 5 2
0160 6 3
0160 7 5
0160 8 6
0160 9 7
0160 10 16
0160 11 18
0160 14 14
0160 15 13
0160 16 19
0161 1 1
0161 1 2
0161 2 4
0161 3 5
0161 4 6
0161 5 7
0161 6 8
0161 7 9
0161 7 10
0161 8 11
0161 9 12
0161 10 13
0161 11 14
0161 12 15
0161 13 16
0161 14 17
0161 15 18
0161 16 19
0161 16 20
0161 16 21
0161 17 19
0161 17 20
0161 17 21
0161 18 22
0161 21 23
0161 22 23
0161 23 24
0161 24 26
0161 25 26
0161 26 25
0161 27 27
0161 27 28
0161 27 29
0161 28 27
0161 28 28
0161 28 29
0161 29 27
0161 29 28
0161 29 29
0161 30 27
0161 30 28
0161 30 29
0161 31 30
0161 32 31
0161 32 33
0161 33 32
0161 34 34
0162 1 1
0162 1 2
0162 1 3
0162 3 4
0162 4 5
0162 4 6
0162 5 7
0162 5 8
0162 6 9
0162 7 10
0162 7 11
0162 8 10
0162 8 11
0162 9 12
0163 1 1
0163 2 2
0163 3 3
0163 3 4
0163 4 5
0163 5 6
0163 5 9
0163 5 10
0163 5 11
0163 6 6
0163 6 9
0163 6 10
0163 6 11
0163 7 6
0163 7 9
0163 7 10
0163 7 11
0163 8 6
0163 8 9
0163 8 10
0163 8 11
0163 9 12
0164 1 3
0164 2 4
0164 3 6
0164 3 7
0164 3 8
0164 3 9
0164 4 6
0164 4 7
0164 4 8
0164 4 9
0164 5 6
0164 5 7
0164 5 8
0164 5 9
0164 6 10
0164 7 11
0164 8 12
0164 9 13
0164 10 17
0165 1 1
0165 2 2
0165 2 4
0165 3 3
0165 4 5
0165 5 5
0165 6 6
0165 6 7
0165 7 8
0165 8 8
0165 10 12
0165 10 13
0165 10 14
0165 13 9
0165 14 11
0165 16 16
0165 17 15
0165 18 17
0165 19 18
0165 20 19
0165 21 23
0165 21 24
0165 22 23
0165 22 24
0165 24 20
0165 25 21
0165 26 25
0166 1 2
0166 2 5
0166 2 6
0166 2 7
0166 3 8
0167 1 1
0167 1 2
0167 1 3
0167 1 4
0167 2 6
0167 2 8
0167 3 7
0167 4 12
0167 6 9
0167 7 10
0167 7 11
0167 8 13
0167 9 14
0167 10 15
0167 11 16
0167 12 17
0167 13 18
0167 14 20
0167 15 19
0167 15 22
0167 16 21
0167 17 23
0168 1 2
0168 2 3
0168 3 5
0168 4 4
0168 5 6
0169 1 1
0169 2 7
0169 2 8
0169 3 10
0169 4 11
0169 6 2
0169 7 3
0169 8 3
0169 9 5
0169 10 4
0169 11 6
0169 12 12
0169 13 13
0169 14 14
0169 15 15
0169 15 17
0169 16 16
0169 17 18
0169 18 19
0169 18 20
0169 19 21
0169 19 22
0169 20 23
0169 21 24
0169 22 25
0169 22 26
0169 23 28
0169 23 29
0169 24 28
0169 24 29
0169 25 28
0169 25 29
0169 26 30
0169 27 32
0169 28 33
0169 29 31
0169 29 34
0169 30 35
0169 31 36
0169 32 37
0169 33 40
0169 35 39
0169 36 39
0169 37 41
0169 38 43
0169 39 43
0169 40 44
0169 41 45
0169 42 46
0169 43 48
0169 44 47
0169 45 52
0170 1 1
0170 2 2
0170 3 3
0170 3 4
0170 4 5
0170 5 6
0170 6 7
0170 7 8
0170 7 9
0170 7 10
0170 8 11
0170 8 12
0170 8 13
0170 9 14
0170 10 15
0170 11 16
0170 12 17
0170 12 18
0170 13 19
0170 14 22
0170 15 20
0170 15 21
0170 17 22
0170 18 23
0170 18 24
0170 19 25
0170 19 26
0170 20 33
0171 1 2
0171 2 1
0171 3 3
0171 4 4
0171 5 6
0171 6 5
0171 7 7
0172 1 3
0172 2 4
0172 2 5
0172 3 7
0172 4 8
0172 5 9
0172 6 11
0172 7 10
0172 8 12
0172 9 13
0172 10 14
0172 11 15
0172 11 17
0172 12 16
0172 13 18
0173 1 1
0173 1 2
0173 2 1
0173 2 2
0173 3 4
0173 4 5
0173 5 6
0173 6 7
0173 7 7
0173 8 8
0173 9 9
0173 10 10
0173 11 11
0173 12 12
0173 13 15
0173 14 13
0173 15 14
0173 16 16
0173 17 17
0173 18 17
0173 19 18
0173 19 19
0173 20 21
0173 21 20
0173 22 22
0173 23 23
0173 24 24
0173 25 25
0173 26 26
0173 27 26
0173 28 27
0173 29 28
0173 30 29
0173 31 30
0173 32 30
0173 34 31
0173 34 32
0173 35 33
0173 36 33
0173 37 34
0173 38 37
0173 38 38
0173 38 39
0173 39 37
0173 39 38
0173 39 39
0173 41 40
0173 42 46
0173 43 46
0173 44 47
0173 45 49
0173 46 48
0173 46 51
0173 47 50
0173 48 50
0173 49 50
0173 50 52
0174 1 1
0174 2 2
0174 3 9
0174 3 10
0174 3 11
0174 3 15
0174 3 16
0174 4 9
0174 4 10
0174 4 11
0174 4 15
0174 4 16
0174 5 9
0174 5 10
0174 5 11
0174 5 15
0174 5 16
0174 6 9
0174 6 10
0174 6 11
0174 6 15
0174 6 16
0174 8 12
0174 8 14
0174 9 13
0174 10 8
0174 11 16
0174 12 7
0174 13 17
0175 1 3
0175 2 2
0175 3 1
0175 4 4
0175 5 5
0175 5 7
0175 5 8
0175 5 9
0175 5 10
0175 5 11
0175 6 6
0175 7 12
0176 1 1
0176 2 2
0176 3 4
0176 4 3
0176 4 5
0176 4 6
0176 5 3
0176 5 5
0176 5 6
0176 8 11
0176 9 8
0176 9 10
0176 13 14
0176 16 14
0176 17 15
0176 18 16
0176 19 17
0177 1 1
0177 1 2
0177 2 5
0177 4 4
0177 5 5
0177 6 6
0177 7 8
0177 8 7
0177 10 9
0177 10 10
0177 11 11
0177 12 11
0177 13 12
0178 1 3
0178 2 1
0178 3 2
0178 5 4
0178 6 7
0178 7 6
0178 8 8
0178 9 4
0178 10 9
0178 11 10
0178 13 11
0178 14 12
0178 14 13
0178 15 12
0178 15 13
0178 16 14
0178 17 15
0178 17 16
0178 18 17
0178 19 18
0178 20 19
0178 21 20
0178 22 21
0178 23 22
0178 24 23
0178 25 24
0178 25 27
0178 26 25
0178 26 26
0178 27 28
0179 1 1
0179 2 2
0179 2 3
0179 3 2
0179 3 3
0179 4 2
0179 4 3
0179 7 4
0179 8 4
0179 9 5
0179 9 7
0179 10 6
0179 11 6
0179 12 8
0179 13 8
0179 14 9
0179 15 10
0179 17 11
0179 18 12
0179 20 14
0179 20 15
0179 21 16
0179 22 17
0179 23 18
0179 23 19
0179 24 20
0179 25 23
0179 26 24
0179 27 25
0179 28 26
0179 29 27
0179 30 28
0179 31 29
0179 31 30
0179 32 29
0179 32 30
0179 33 29
0179 33 30
0179 34 31
0179 35 32
0179 36 32
0179 37 8
0179 39 33
0179 40 35
0179 41 34
0179 42 34
0179 44 36
0179 46 37
0179 47 38
0179 48 39
0179 48 40
0179 49 41
0179 50 42
0179 51 45
0180 1 1
0180 2 2
0180 3 4
0180 5 3
0180 6 5
0180 7 6
0180 8 7
0180 8 10
0180 9 8
0180 9 9
0180 10 11
0180 11 11
0180 12 12
0180 13 14
0181 1 1
0181 2 2
0181 3 5
0181 4 4
0181 5 6
0181 6 7
0181 7 8
0181 9 9
0181 10 10
0181 11 11
0181 12 11
0181 14 12
0181 15 13
0181 16 14
0181 17 16
0181 18 16
0181 19 15
0181 20 17
0181 20 18
0181 21 19
0181 22 19
0181 23 19
0181 24 20
0181 24 21
0181 25 22
0181 26 23
0181 27 24
0182 1 1
0182 2 3
0182 3 4
0182 4 5
0182 5 6
0182 6 7
0182 7 9
0182 8 11
0182 9 10
0182 11 12
0182 12 13
0182 13 14
0182 14 15
0182 15 16
0182 16 17
0182 17 18
0182 17 19
0182 17 20
0182 18 18
0182 18 19
0182 18 20
0182 19 21
0182 19 22
0182 20 23
0182 21 23
0182 22 24
0182 23 25
0183 1 1
0183 2 2
0183 3 4
0183 4 4
0183 5 5
0183 6 5
0183 5 7
0183 6 7
0183 7 10
0183 8 8
0183 8 9
0183 9 11
0183 9 12
0183 10 13
0183 10 15
0183 11 14
0183 12 14
0183 13 16
0183 14 17
0183 15 17
0183 16 18
0183 16 20
0183 18 19
0183 19 21
0183 20 22
0183 21 23
0183 22 24
0183 23 25
0183 24 26
0184 1 3
0184 2 4
0184 4 5
0184 5 6
0184 6 7
0184 6 8
0184 7 10
0184 8 9
0184 9 11
0184 9 12
0184 9 13
0184 10 14
0184 11 15
0184 12 16
0184 13 17
0184 13 18
0184 14 22
0184 15 23
0184 16 24
0184 17 30
0185 1 1
0185 2 2
0185 3 3
0185 4 4
0185 4 5
0185 6 7
0185 7 8
0185 7 9
0185 7 10
0185 9 8
0185 9 9
0185 9 10
0185 10 8
0185 10 9
0185 10 10
0185 11 11
0185 12 21
0185 13 12
0185 13 13
0185 14 14
0185 15 15
0185 16 16
0185 17 22
0185 18 22
0185 19 24
0185 20 23
0185 21 25
0185 22 26
0185 23 27
0185 24 28
0185 25 29
0185 25 30
0185 27 29
0185 27 30
0185 28 29
0185 28 30
0185 29 31
0185 30 32
0185 31 32
0185 32 33
0185 33 34
0186 1 1
0186 2 1
0186 3 2
0186 4 4
0186 5 3
0186 8 6
0186 9 6
0186 10 7
0186 10 8
0186 11 9
0186 12 10
0186 13 11
0186 14 12
0186 15 13
0186 16 14
0186 17 15
0186 18 16
0186 19 17
0187 1 2
0187 2 3
0187 3 4
0187 4 5
0187 5 6
0187 6 8
0187 7 7
0187 7 9
0187 8 9
0187 9 11
0187 10 12
0187 10 13
0187 11 14
0187 12 15
0187 13 17
0187 14 18
0187 15 19
0187 15 20
0187 16 21
0187 17 22
0187 18 23
0187 18 25
0187 19 25
0187 20 26
0187 20 27
0187 21 26
0187 21 27
0187 22 28
0187 23 29
0187 24 30
0187 25 31
0187 26 32
0187 27 33
0187 28 34
0188 1 3
0188 2 1
0188 3 5
0188 5 5
0188 6 6
0188 7 7
0189 1 2
0189 2 1
0189 4 3
0189 5 4
0189 6 11
0189 7 5
0189 8 6
0189 9 7
0189 10 8
0189 15 9
0189 16 10
0189 17 10
0189 19 12
0189 22 13
0189 23 13
0189 24 14
0189 25 14
0189 26 15
0189 27 16
0190 1 1
0190 1 2
0190 1 3
0190 2 4
0190 3 6
0190 4 6
0190 5 7
0190 6 8
0190 7 9
0190 8 10
0190 9 17
0190 9 18
0190 10 14
0190 11 15
0190 12 16
0190 13 13
0190 14 13
0190 15 11
0190 16 12
0190 17 19
0190 18 20
0190 19 23
0190 20 22
0190 21 24
0191 1 1
0191 2 2
0191 3 3
0191 4 4
0191 5 5
0191 6 7
0191 7 8
0191 8 6
0191 8 9
0191 9 10
0191 10 12
0191 11 11
0191 12 13
0191 13 14
0191 14 15
0191 14 17
0191 15 16
0191 16 18
0191 17 19
0192 1 2
0192 2 2
0192 3 3
0192 4 4
0192 5 5
0192 6 6
0192 7 7
0192 8 9
0192 9 9
0192 10 10
0192 12 11
0192 13 14
0192 14 13
0192 15 15
0192 16 16
0192 16 18
0192 17 17
0192 18 19
0192 19 20
0192 20 20
0192 21 21
0192 22 22
0192 23 23
0192 25 24
0192 25 25
0192 26 26
0193 1 1
0193 2 5
0193 3 3
0193 4 2
0193 9 6
0193 12 7
0193 12 8
0193 12 9
0193 13 7
0193 13 8
0193 13 9
0193 14 7
0193 14 8
0193 14 9
0193 15 7
0193 15 8
0193 15 9
0193 16 10
0193 17 10
0193 18 13
0193 19 14
0194 1 3
0194 2 4
0194 3 5
0194 4 6
0194 4 7
0194 4 8
0194 4 9
0194 5 10
0194 6 11
0194 7 14
0194 9 16
0194 10 16
0194 12 16
0194 13 16
0194 14 17
0194 15 18
0194 15 19
0194 16 20
0194 17 21
0194 18 23
0194 19 22
0194 20 24
0195 1 1
0195 2 2
0195 3 2
0195 4 9
0195 5 10
0195 6 11
0195 8 4
0195 9 5
0195 11 8
0195 12 3
0195 12 6
0195 13 7
0195 14 12
0195 15 13
0195 16 14
0195 17 15
0195 17 16
0195 18 15
0195 18 16
0195 21 17
0195 21 18
0195 22 19
0195 23 23
0196 1 1
0196 2 2
0196 3 3
0196 4 4
0196 4 5
0196 6 6
0196 7 7
0196 8 9
0196 9 9
0196 10 11
0196 11 12
0196 12 13
0196 13 14
0196 14 14
0196 15 15
0196 16 15
0196 17 16
0197 1 3
0197 1 4
0197 2 1
0197 2 2
0197 3 7
0197 4 8
0197 5 12
0197 6 13
0197 8 9
0197 8 11
0197 9 10
0197 10 14
0198 1 1
0198 2 2
0198 2 3
0198 2 4
0198 3 5
0198 4 6
0198 5 7
0198 6 8
0198 7 9
0198 8 10
0198 9 13
0198 11 11
0198 11 12
0198 12 11
0198 12 12
0198 13 14
0198 14 18
0199 1 1
0199 2 3
0199 3 4
0199 3 6
0199 4 5
0199 5 7
0199 6 8
0199 7 8
0199 8 9
0199 9 10
0199 10 11
0199 11 11
0199 12 11
0199 13 11
0199 14 12
0199 14 13
0199 14 15
0199 15 14
0199 16 16
0199 17 18
0199 18 17
0199 19 19
0199 20 20
0199 21 21
0199 22 22
0199 23 24
0199 24 23
0199 25 23
0199 26 25
0199 27 28
0199 28 26
0199 29 27
0199 30 27
0199 31 27
0199 32 29
0200 1 1
0200 2 2
0200 3 4
0200 3 5
0200 4 6
0200 5 7
0200 6 10
0200 6 11
0200 6 12
0200 8 10
0200 8 11
0200 8 12
0200 10 10
0200 10 11
0200 10 12
0200 12 13
0200 13 14
0200 13 15
0200 14 16
0200 14 17
0200 14 18
0200 15 19
0200 16 22
0200 17 22
0200 18 23
0200 18 24
0200 19 25
0200 20 29
0200 21 26
0200 22 26
0200 23 26
0200 24 27
0200 25 28
0200 27 30
0200 28 32
0200 29 31
0200 30 33
0200 30 34
0200 31 35
0200 32 37
0200 33 38
0200 34 39
0200 35 36
0200 36 40
0200 38 43
0200 39 41
0200 40 45
0200 41 45
0200 42 46
0200 43 50
0200 44 49
0200 45 51
0200 46 52
0200 47 53
0200 48 55
0200 49 54
0200 49 56
0200 52 57
0200 53 58
0200 54 59
0200 55 60
0201 1 1
0201 2 2
0201 3 3
0201 4 4
0201 5 5
0201 6 6
0201 7 7
0201 7 11
0201 8 9
0201 8 12
0201 9 8
0201 10 10
0201 11 13
0201 12 14
0201 13 15
0201 14 16
0201 15 17
0201 16 18
0201 18 18
0201 19 18
0201 20 19
0201 21 20
0201 22 21
0201 23 25
0201 24 24
0201 25 22
0201 26 23
0201 27 26
0201 28 27
0201 29 31
0201 31 28
0201 32 29
0201 33 30
0201 34 30
0201 35 32
0201 38 33
0201 39 35
0201 40 34
0201 41 41
0201 42 37
0201 43 38
0201 43 39
0201 44 52
0201 45 52
0201 46 41
0201 47 42
0201 48 43
0201 49 44
0201 50 45
0201 51 46
0201 52 48
0201 53 47
0201 53 50
0201 53 51
0201 54 49
0201 55 49
0201 56 53
0201 57 55
0201 58 54
0201 59 56
0201 60 57
0201 61 58
0201 62 59
0201 63 60
0201 64 62
0201 65 61
0201 66 63
0201 67 64
0201 67 65
0201 68 64
0201 68 65
0201 69 66
0201 69 67
0201 70 68
0201 71 69
0201 74 71
0201 76 73
0201 77 74
0201 78 75
0201 79 72
0201 80 76
0202 1 1
0202 2 2
0202 3 3
0202 4 4
0202 5 5
0202 6 6
0202 7 8
0202 8 9
0202 9 10
0202 10 11
0202 11 12
0202 11 15
0202 12 13
0202 13 13
0202 14 14
0202 15 16
0202 16 17
0202 16 19
0202 17 18
0202 18 20
0203 1 1
0203 2 3
0203 2 4
0203 2 5
0203 2 6
0203 2 7
0203 2 8
0203 4 3
0203 4 4
0203 4 5
0203 4 6
0203 4 7
0203 4 8
0203 5 9
0203 6 10
0203 7 11
0203 7 12
0203 8 13
0203 9 14
0203 10 15
