0001 1 2 S
0001 2 3 S
0001 4 4 S
0001 4 5 S
0001 6 6 S
0001 7 7 S
0001 8 8 S
0001 10 9 S
0001 11 9 S
0001 12 10 S
0001 13 14 S
0001 14 16 S
0001 15 15 S
0001 16 15 S
0001 17 19 S
0001 18 20 S
0001 19 21 S
0001 20 22 S
0001 21 23 S
0001 22 27 S
0001 23 28 S
0001 24 29 S
0001 25 29 S
0001 27 30 S
0001 28 31 S
0001 28 32 S
0001 30 33 S
0001 31 34 S
0001 32 35 S
0001 33 36 S
0001 34 37 S
0001 35 38 S
0001 36 39 S
0001 37 40 S
0001 38 43 S
0002 1 1 S
0002 2 2 S
0002 3 3 S
0002 3 4 S
0002 4 5 S
0002 5 6 S
0002 6 7 S
0002 6 8 S
0002 6 9 S
0002 6 10 S
0002 7 7 S
0002 7 8 S
0002 7 9 S
0002 7 10 S
0002 8 7 S
0002 8 8 S
0002 8 9 S
0002 8 10 S
0002 9 7 S
0002 9 8 S
0002 9 9 S
0002 9 10 S
0002 10 16 S
0002 11 17 S
0002 12 17 S
0002 13 18 S
0002 14 19 S
0002 15 22 S
0002 16 23 S
0002 16 24 S
0002 20 26 S
0002 21 27 S
0002 22 28 S
0002 24 30 S
0002 25 29 S
0002 25 31 S
0002 26 30 S
0002 27 30 S
0002 28 32 S
0002 29 33 S
0002 29 34 S
0002 30 35 S
0003 1 1 S
0003 2 5 S
0003 3 4 S
0003 4 5 S
0003 5 6 S
0003 5 8 S
0003 6 7 S
0003 7 9 S
0004 1 1 S
0004 1 2 S
0004 2 1 S
0004 2 2 S
0004 3 3 S
0004 3 4 S
0004 3 5 S
0004 4 3 S
0004 4 4 S
0004 4 5 S
0004 5 3 S
0004 5 4 S
0004 5 5 S
0004 6 3 S
0004 6 4 S
0004 6 5 S
0004 7 6 S
0004 8 8 S
0004 9 7 S
0004 9 9 S
0004 10 10 S
0004 10 11 S
0004 10 12 S
0004 10 13 S
0004 11 10 S
0004 11 11 S
0004 11 12 S
0004 11 13 S
0004 12 14 S
0004 12 16 S
0004 15 18 S
0004 16 17 S
0004 17 17 S
0004 18 18 S
0004 19 18 S
0004 20 19 S
0004 21 20 S
0005 1 11 S
0005 2 11 S
0005 3 11 S
0005 5 1 S
0005 5 3 S
0005 6 2 S
0005 7 2 S
0005 8 7 S
0005 8 8 S
0005 8 9 S
0005 8 10 S
0005 10 12 S
0005 11 14 S
0005 12 14 S
0005 13 14 S
0005 14 16 S
0005 15 15 S
0005 15 17 S
0005 16 21 S
0006 6 6 S
0006 7 16 S
0006 7 17 S
0006 8 8 S
0006 8 9 S
0006 9 12 S
0006 10 12 S
0006 11 13 S
0006 11 14 S
0006 11 15 S
0006 12 18 S
0006 13 19 S
0006 15 22 S
0006 15 23 S
0006 15 24 S
0006 16 20 S
0006 16 21 S
0006 17 20 S
0006 17 21 S
0006 18 20 S
0006 18 21 S
0006 19 25 S
0006 20 26 S
0006 21 26 S
0006 22 27 S
0007 1 1 S
0007 3 2 S
0007 4 3 S
0007 5 4 S
0007 6 5 S
0007 7 6 S
0007 7 7 S
0007 8 8 S
0007 8 9 S
0007 8 10 S
0007 10 11 S
0007 11 12 S
0007 12 13 S
0007 13 11 S
0007 14 14 S
0007 15 15 S
0007 16 11 S
0007 17 16 S
0007 18 17 S
0007 19 18 S
0007 20 19 S
0007 21 20 S
0007 21 21 S
0007 22 23 S
0007 23 22 S
0007 25 25 S
0007 26 24 S
0007 27 26 S
0007 28 27 S
0007 29 29 S
0007 30 30 S
0007 31 31 S
0007 32 31 S
0007 33 33 S
0007 34 34 S
0007 35 35 S
0007 36 36 S
0007 38 37 S
0007 40 38 S
0007 40 39 S
0007 41 40 S
0007 42 41 S
0007 43 42 S
0007 44 43 S
0007 45 44 S
0008 1 1 S
0008 1 2 S
0008 1 3 S
0008 2 1 S
0008 2 2 S
0008 2 3 S
0008 3 1 S
0008 3 2 S
0008 3 3 S
0008 6 4 S
0008 9 6 S
0009 1 1 S
0009 2 4 S
0009 3 22 S
0009 4 5 S
0009 4 9 S
0009 5 6 S
0009 6 7 S
0009 7 8 S
0009 8 10 S
0009 9 11 S
0009 9 12 S
0009 10 13 S
0009 10 14 S
0009 11 15 S
0009 12 16 S
0009 13 19 S
0009 14 20 S
0009 15 18 S
0009 16 21 S
0009 17 24 S
0009 18 25 S
0009 19 26 S
0009 20 22 S
0009 21 30 S
0009 22 29 S
0009 23 27 S
0009 24 28 S
0009 25 31 S
0010 1 1 S
0010 1 2 S
0010 2 3 S
0010 3 4 S
0010 4 5 S
0010 4 6 S
0010 5 7 S
0010 6 8 S
0010 6 9 S
0010 7 10 S
0010 8 11 S
0010 8 12 S
0010 10 11 S
0010 10 12 S
0010 11 13 S
0010 13 13 S
0010 14 13 S
0010 15 13 S
0010 19 15 S
0010 19 16 S
0010 20 17 S
0010 21 17 S
0010 22 22 S
0010 23 23 S
0010 24 24 S
0010 25 25 S
0010 26 26 S
0010 27 29 S
0010 28 28 S
0010 28 30 S
0010 29 31 S
0010 29 32 S
0010 30 33 S
0010 31 34 S
0010 31 35 S
0010 32 36 S
0010 33 38 S
0010 34 37 S
0010 35 39 S
0010 36 40 S
0010 37 41 S
0010 38 42 S
0010 39 27 S
0010 41 43 S
0010 42 43 S
0010 43 44 S
0010 44 46 S
0010 45 47 S
0010 46 48 S
0010 47 49 S
0010 48 51 S
0010 49 51 S
0010 50 52 S
0010 51 53 S
0010 52 54 S
0010 52 55 S
0010 53 56 S
0010 53 57 S
0010 54 60 S
0010 55 63 S
0010 56 56 S
0010 56 57 S
0010 57 64 S
0010 58 64 S
0010 59 65 S
0010 60 66 S
0010 62 56 S
0010 62 57 S
0010 63 67 S
0010 64 69 S
0010 64 70 S
0010 64 71 S
0010 65 69 S
0010 65 70 S
0010 65 71 S
0010 66 72 S
0010 67 73 S
0010 68 74 S
0010 69 75 S
0010 70 77 S
0010 72 76 S
0010 73 76 S
0010 74 78 S
0010 74 79 S
0010 74 80 S
0010 75 81 S
0010 76 82 S
0011 1 1 S
0011 2 2 S
0011 3 4 S
0011 3 5 S
0011 3 6 S
0011 4 4 S
0011 4 5 S
0011 4 6 S
0011 6 4 S
0011 6 5 S
0011 6 6 S
0011 7 4 S
0011 7 5 S
0011 7 6 S
0011 8 4 S
0011 8 5 S
0011 8 6 S
0011 9 7 S
0011 10 8 S
0011 11 8 S
0011 12 9 S
0011 13 9 S
0011 14 9 S
0011 15 10 S
0011 16 11 S
0011 17 9 S
0011 18 12 S
0011 19 14 S
0011 20 14 S
0011 21 16 S
0011 22 16 S
0011 23 17 S
0011 23 18 S
0011 24 17 S
0011 24 18 S
0011 25 19 S
0012 2 3 S
0012 3 4 S
0012 4 5 S
0012 4 6 S
0012 6 5 S
0012 6 6 S
0012 7 7 S
0012 8 8 S
0012 8 9 S
0012 9 10 S
0012 9 11 S
0012 9 12 S
0012 10 10 S
0012 10 11 S
0012 10 12 S
0012 11 10 S
0012 11 11 S
0012 11 12 S
0012 12 13 S
0012 13 14 S
0012 14 15 S
0012 15 16 S
0012 16 18 S
0012 17 17 S
0012 18 18 S
0012 19 19 S
0012 20 20 S
0012 21 21 S
0012 22 22 S
0012 24 23 S
0012 25 24 S
0012 26 25 S
0012 27 26 S
0012 28 27 S
0012 29 32 S
0012 30 32 S
0012 31 33 S
0013 1 1 S
0013 2 3 S
0013 3 2 S
0013 4 4 S
0013 5 5 S
0013 5 6 S
0013 6 7 S
0013 7 8 S
0013 8 10 S
0013 9 9 S
0013 10 11 S
0014 1 2 S
0014 2 3 S
0014 3 4 S
0014 3 5 S
0014 4 6 S
0014 6 10 S
0014 7 8 S
0014 7 9 S
0014 7 11 S
0014 8 7 S
0014 9 12 S
0014 10 13 S
0014 11 15 S
0014 11 16 S
0014 11 17 S
0014 12 15 S
0014 12 16 S
0014 12 17 S
0014 13 18 S
0014 14 18 S
0014 15 19 S
0014 16 15 S
0014 16 16 S
0014 16 17 S
0014 17 15 S
0014 17 16 S
0014 17 17 S
0014 18 20 S
0014 19 21 S
0014 20 21 S
0014 21 22 S
0014 22 24 S
0014 23 24 S
0014 27 28 S
0014 27 29 S
0014 29 30 S
0014 30 32 S
0014 31 31 S
0014 32 31 S
0014 33 31 S
0014 34 33 S
0014 35 34 S
0014 36 35 S
0014 37 36 S
0014 38 38 S
0014 39 37 S
0014 40 39 S
0014 41 40 S
0014 42 41 S
0014 43 42 S
0014 44 43 S
0015 1 1 S
0015 2 3 S
0015 3 2 S
0015 4 2 S
0015 5 4 S
0015 6 8 S
0015 7 7 S
0015 8 5 S
0015 9 6 S
0015 10 9 S
0015 11 10 S
0015 12 9 S
0015 13 10 S
0015 14 11 S
0015 15 12 S
0015 16 13 S
0015 17 14 S
0015 18 16 S
0015 19 15 S
0015 20 15 S
0015 21 20 S
0015 22 21 S
0015 23 21 S
0015 25 24 S
0015 26 22 S
0015 26 23 S
0015 27 25 S
0015 28 26 S
0015 29 27 S
0015 30 28 S
0015 31 29 S
0015 32 30 S
0015 34 33 S
0015 35 31 S
0015 36 32 S
0015 36 34 S
0015 37 35 S
0015 38 36 S
0015 39 14 S
0015 40 37 S
0015 41 39 S
0015 42 38 S
0015 43 40 S
0015 44 43 S
0015 45 41 S
0015 46 43 S
0015 47 43 S
0015 48 42 S
0015 49 44 S
0015 50 45 S
0015 50 46 S
0015 51 47 S
0016 1 3 S
0016 1 4 S
0016 2 1 S
0016 2 2 S
0016 3 1 S
0016 3 2 S
0016 5 6 S
0016 5 7 S
0016 6 6 S
0016 6 7 S
0016 8 6 S
0016 8 7 S
0016 9 6 S
0016 9 7 S
0016 10 9 S
0016 11 10 S
0016 12 11 S
0016 12 12 S
0016 13 13 S
0016 14 14 S
0016 15 15 S
0016 16 16 S
0016 17 18 S
0016 18 17 S
0016 19 19 S
0016 20 20 S
0016 21 20 S
0016 22 21 S
0016 23 22 S
0016 24 23 S
0016 25 24 S
0016 26 24 S
0016 27 25 S
0016 28 27 S
0016 29 26 S
0016 30 28 S
0016 31 29 S
0016 32 30 S
0016 33 30 S
0016 34 33 S
0017 1 1 S
0017 2 1 S
0017 3 2 S
0017 4 6 S
0017 5 5 S
0017 6 3 S
0017 7 4 S
0017 8 9 S
0017 9 8 S
0017 10 7 S
0017 11 10 S
0017 13 11 S
0017 15 12 S
0017 16 13 S
0017 17 14 S
0017 17 15 S
0017 17 16 S
0017 18 14 S
0017 18 15 S
0017 18 16 S
0017 19 17 S
0018 1 1 S
0018 1 2 S
0018 2 4 S
0018 3 5 S
0018 4 3 S
0018 4 6 S
0018 5 8 S
0018 6 7 S
0018 7 7 S
0018 9 9 S
0018 10 12 S
0018 11 11 S
0018 11 18 S
0018 12 11 S
0018 12 18 S
0018 13 11 S
0018 13 18 S
0018 14 13 S
0018 15 14 S
0018 16 15 S
0018 17 16 S
0018 18 17 S
0018 19 19 S
0019 1 3 S
0019 3 2 S
0019 4 4 S
0019 5 5 S
0019 6 6 S
0019 7 8 S
0019 8 13 S
0019 9 12 S
0019 12 7 S
0019 13 14 S
0020 1 1 S
0020 2 2 S
0020 3 3 S
0020 7 4 S
0020 8 4 S
0020 9 5 S
0020 10 6 S
0020 11 7 S
0020 11 8 S
0020 12 9 S
0020 13 9 S
0020 14 9 S
0020 17 12 S
0020 18 13 S
0020 19 10 S
0020 19 11 S
0020 20 15 S
0020 21 16 S
0020 21 17 S
0020 21 19 S
0020 22 16 S
0020 22 17 S
0020 22 19 S
0020 23 18 S
0020 24 20 S
0021 1 5 S
0021 1 6 S
0021 2 1 S
0021 2 2 S
0021 3 1 S
0021 3 2 S
0021 4 3 S
0021 5 4 S
0021 6 7 S
0021 7 11 S
0021 8 11 S
0021 9 11 S
0021 10 12 S
0022 1 1 S
0022 2 1 S
0022 3 2 S
0022 5 4 S
0022 6 3 S
0022 7 5 S
0022 8 6 S
0022 9 7 S
0022 10 8 S
0022 11 10 S
0022 12 9 S
0022 13 11 S
0022 14 12 S
0022 14 13 S
0022 15 14 S
0022 16 15 S
0022 17 15 S
0022 18 16 S
0022 19 17 S
0022 20 18 S
0022 20 19 S
0022 21 20 S
0022 21 21 S
0022 22 23 S
0022 23 22 S
0022 24 24 S
0023 1 1 S
0023 2 2 S
0023 3 4 S
0023 4 3 S
0023 5 5 S
0023 6 6 S
0023 8 8 S
0023 9 8 S
0023 10 9 S
0023 11 10 S
0023 12 12 S
0023 13 12 S
0023 14 13 S
0023 15 14 S
0023 15 15 S
0023 16 14 S
0023 16 15 S
0023 17 16 S
0023 18 17 S
0023 19 18 S
0023 20 19 S
0023 21 20 S
0023 22 20 S
0023 23 21 S
0023 24 22 S
0023 26 23 S
0023 27 25 S
0023 28 24 S
0023 29 26 S
0023 30 22 S
0023 32 27 S
0023 33 28 S
0023 34 29 S
0023 35 31 S
0023 36 30 S
0023 37 32 S
0023 38 33 S
0024 1 1 S
0024 2 2 S
0024 3 3 S
0024 4 4 S
0024 5 5 S
0024 6 8 S
0024 7 9 S
0024 8 11 S
0024 10 10 S
0024 11 13 S
0024 12 12 S
0024 13 15 S
0024 14 16 S
0024 15 17 S
0024 16 18 S
0024 17 19 S
0024 17 20 S
0024 18 21 S
0025 1 1 S
0025 2 1 S
0025 3 2 S
0025 4 4 S
0025 4 5 S
0025 5 6 S
0025 6 7 S
0025 7 8 S
0025 8 9 S
0025 9 10 S
0025 10 11 S
0025 11 12 S
0025 12 13 S
0025 13 14 S
0025 14 15 S
0025 14 16 S
0025 14 17 S
0025 15 15 S
0025 15 16 S
0025 15 17 S
0025 16 15 S
0025 16 16 S
0025 16 17 S
0025 17 19 S
0025 18 18 S
0025 19 18 S
0025 20 20 S
0025 21 22 S
0025 21 23 S
0025 22 24 S
0025 23 24 S
0025 24 25 S
0025 25 28 S
0025 26 29 S
0025 27 30 S
0025 28 27 S
0025 29 26 S
0025 30 31 S
0025 31 33 S
0025 32 35 S
0025 32 42 S
0025 33 34 S
0025 35 36 S
0025 36 37 S
0025 38 39 S
0025 39 40 S
0025 40 41 S
0025 41 41 S
0025 42 43 S
0025 43 44 S
0026 1 3 S
0026 2 1 S
0026 3 2 S
0026 4 4 S
0026 5 4 S
0026 6 6 S
0026 7 5 S
0026 8 7 S
0026 9 8 S
0026 10 14 S
0026 11 9 S
0026 13 9 S
0026 14 9 S
0026 15 10 S
0026 16 11 S
0026 17 12 S
0026 18 13 S
0026 19 15 S
0026 20 16 S
0026 21 17 S
0026 22 17 S
0026 23 18 S
0026 23 19 S
0026 24 20 S
0026 24 21 S
0026 25 22 S
0026 26 23 S
0026 27 24 S
0026 27 25 S
0026 28 26 S
0026 29 28 S
0026 30 29 S
0026 31 31 S
0026 32 30 S
0026 33 32 S
0026 34 33 S
0026 35 34 S
0026 36 35 S
0026 37 36 S
0026 37 37 S
0026 38 36 S
0026 38 37 S
0026 39 41 S
0026 40 39 S
0026 41 42 S
0027 1 1 S
0027 2 2 S
0027 3 4 S
0027 4 3 S
0027 5 5 S
0027 6 6 S
0027 7 7 S
0027 8 8 S
0027 9 9 S
0027 10 10 S
0027 11 10 S
0027 12 11 S
0027 13 12 S
0027 14 13 S
0027 15 14 S
0027 16 14 S
0027 17 14 S
0027 18 15 S
0027 19 16 S
0027 20 17 S
0027 21 18 S
0027 22 19 S
0027 22 20 S
0027 23 21 S
0027 24 21 S
0027 25 22 S
0027 26 23 S
0027 28 25 S
0027 29 26 S
0027 30 28 S
0028 1 1 S
0028 1 2 S
0028 2 3 S
0028 3 4 S
0028 4 6 S
0028 5 5 S
0028 6 8 S
0028 7 9 S
0028 8 18 S
0028 9 19 S
0028 10 20 S
0028 11 12 S
0028 12 13 S
0028 13 10 S
0028 14 11 S
0028 15 14 S
0028 16 16 S
0028 17 16 S
0028 18 17 S
0028 19 15 S
0028 20 21 S
0029 1 1 S
0029 2 4 S
0029 3 3 S
0029 4 2 S
0029 5 5 S
0029 6 6 S
0029 6 7 S
0029 7 8 S
0029 8 9 S
0029 8 10 S
0029 8 11 S
0029 9 9 S
0029 9 10 S
0029 9 11 S
0029 10 12 S
0029 11 13 S
0029 12 14 S
0029 13 15 S
0029 14 15 S
0029 15 16 S
0029 16 17 S
0030 1 1 S
0030 2 2 S
0030 3 3 S
0030 4 3 S
0030 5 3 S
0030 6 4 S
0031 1 1 S
0031 2 1 S
0031 3 1 S
0031 4 12 S
0031 5 15 S
0031 5 16 S
0031 6 13 S
0031 6 14 S
0031 7 2 S
0031 8 3 S
0031 8 4 S
0031 9 5 S
0031 9 6 S
0031 10 7 S
0031 10 9 S
0031 11 8 S
0031 12 10 S
0031 13 11 S
0031 14 17 S
0031 16 24 S
0031 18 20 S
0031 19 21 S
0031 20 21 S
0031 21 21 S
0031 22 26 S
0032 1 3 S
0032 2 4 S
0032 3 5 S
0032 3 21 S
0032 3 25 S
0032 4 7 S
0032 5 6 S
0032 5 8 S
0032 6 9 S
0032 7 10 S
0032 8 11 S
0032 9 13 S
0032 9 14 S
0032 9 15 S
0032 10 13 S
0032 10 14 S
0032 10 15 S
0032 11 12 S
0032 12 12 S
0032 13 18 S
0032 14 19 S
0032 15 19 S
0032 16 20 S
0032 16 22 S
0032 17 23 S
0032 18 26 S
0032 19 27 S
0032 20 28 S
0032 21 29 S
0032 22 32 S
0033 1 1 S
0033 1 2 S
0033 2 3 S
0033 3 4 S
0033 4 5 S
0033 5 6 S
0033 6 8 S
0033 7 8 S
0033 8 8 S
0033 9 8 S
0033 10 8 S
0033 11 8 S
0033 12 7 S
0033 12 9 S
0033 13 10 S
0033 14 11 S
0033 15 12 S
0033 16 12 S
0033 17 13 S
0033 18 14 S
0033 19 15 S
0033 20 16 S
0033 20 17 S
0033 20 18 S
0033 21 19 S
0033 22 20 S
0033 23 22 S
0033 24 21 S
0033 25 23 S
0033 26 24 S
0033 26 25 S
0033 27 26 S
0033 28 27 S
0033 29 28 S
0033 30 29 S
0033 31 30 S
0033 32 31 S
0033 32 32 S
0033 33 33 S
0033 33 34 S
0033 34 35 S
0034 1 1 S
0034 3 1 S
0034 5 2 S
0034 6 3 S
0034 7 4 S
0034 8 9 S
0034 11 6 S
0034 11 7 S
0034 12 8 S
0034 13 10 S
0034 14 10 S
0034 15 10 S
0034 16 10 S
0034 17 13 S
0034 18 16 S
0034 19 18 S
0034 20 19 S
0034 21 20 S
0034 22 22 S
0034 23 21 S
0034 24 23 S
0035 1 1 S
0035 2 2 S
0035 3 5 S
0035 3 6 S
0035 3 7 S
0035 4 5 S
0035 4 6 S
0035 4 7 S
0035 5 8 S
0035 6 10 S
0035 7 9 S
0035 7 11 S
0035 9 12 S
0035 10 12 S
0035 11 16 S
0035 12 18 S
0035 13 17 S
0035 14 17 S
0035 15 17 S
0035 16 13 S
0035 16 14 S
0035 16 15 S
0035 17 13 S
0035 17 14 S
0035 17 15 S
0035 18 13 S
0035 18 14 S
0035 18 15 S
0035 19 19 S
0035 20 20 S
0035 23 21 S
0035 24 21 S
0035 25 22 S
0035 26 23 S
0036 1 9 S
0036 2 1 S
0036 2 3 S
0036 2 4 S
0036 2 5 S
0036 2 6 S
0036 3 1 S
0036 3 3 S
0036 3 4 S
0036 3 5 S
0036 3 6 S
0036 4 10 S
0036 5 10 S
0036 7 11 S
0036 8 12 S
0036 9 13 S
0036 11 14 S
0036 12 15 S
0036 14 16 S
0036 14 21 S
0036 14 22 S
0036 15 17 S
0036 16 18 S
0036 16 19 S
0036 17 23 S
0037 1 1 S
0037 1 2 S
0037 1 3 S
0037 2 4 S
0037 3 5 S
0037 3 6 S
0037 4 7 S
0037 5 7 S
0037 6 11 S
0037 7 8 S
0037 8 9 S
0037 9 10 S
0037 10 12 S
0037 11 13 S
0037 12 14 S
0037 13 15 S
0037 14 12 S
0037 15 16 S
0037 16 17 S
0037 17 18 S
0037 18 19 S
0037 19 20 S
0037 20 21 S
0037 21 22 S
0037 22 12 S
0037 23 23 S
0037 24 24 S
0037 25 25 S
0037 26 30 S
0037 27 26 S
0037 27 29 S
0037 28 27 S
0037 29 28 S
0037 30 31 S
0037 31 32 S
0037 31 33 S
0037 31 34 S
0037 31 35 S
0037 31 37 S
0037 32 39 S
0038 1 1 S
0038 2 1 S
0038 3 3 S
0038 4 2 S
0038 4 4 S
0038 5 5 S
0038 6 1 S
0038 7 1 S
0038 8 6 S
0038 8 7 S
0038 9 8 S
0038 10 9 S
0038 11 10 S
0038 12 11 S
0038 13 12 S
0038 14 13 S
0038 15 14 S
0038 16 15 S
0038 16 16 S
0038 17 17 S
0038 18 18 S
0038 19 18 S
0038 20 19 S
0038 21 19 S
0038 22 23 S
0038 23 24 S
0038 24 25 S
0038 25 26 S
0038 26 27 S
0038 27 28 S
0038 27 31 S
0038 28 29 S
0038 29 30 S
0038 30 30 S
0038 31 32 S
0038 32 33 S
0038 33 33 S
0038 34 34 S
0038 34 35 S
0038 35 34 S
0038 35 35 S
0038 36 36 S
0038 37 36 S
0038 38 37 S
0038 39 38 S
0039 1 1 S
0039 1 2 S
0039 2 3 S
0039 3 4 S
0039 4 5 S
0039 5 6 S
0039 6 7 S
0039 6 8 S
0039 6 9 S
0039 6 11 S
0039 7 7 S
0039 7 8 S
0039 7 9 S
0039 7 11 S
0039 8 10 S
0039 9 12 S
0039 10 13 S
0039 10 14 S
0039 10 15 S
0039 10 16 S
0039 10 17 S
0039 11 13 S
0039 11 14 S
0039 11 15 S
0039 11 16 S
0039 11 17 S
0039 12 18 S
0039 12 19 S
0039 13 20 S
0039 13 21 S
0039 13 22 S
0039 13 23 S
0039 13 25 S
0039 14 24 S
0039 15 26 S
0039 16 27 S
0039 16 29 S
0039 17 27 S
0039 17 29 S
0039 18 28 S
0039 19 30 S
0040 1 1 S
0040 2 1 S
0040 3 5 S
0041 1 1 S
0041 2 1 S
0041 3 2 S
0041 3 4 S
0041 4 3 S
0041 5 5 S
0041 5 6 S
0041 6 5 S
0041 6 6 S
0041 7 7 S
0041 8 8 S
0041 9 9 S
0041 10 7 S
0041 11 10 S
0041 12 11 S
0041 14 13 S
0041 15 12 S
0041 16 14 S
0041 17 14 S
0041 18 14 S
0041 19 15 S
0041 21 16 S
0041 22 17 S
0041 23 18 S
0041 25 20 S
0041 27 21 S
0041 28 21 S
0041 29 22 S
0041 31 23 S
0041 32 25 S
0041 33 24 S
0041 34 26 S
0042 1 1 S
0042 2 2 S
0042 3 4 S
0042 5 3 S
0042 6 3 S
0042 7 4 S
0042 8 4 S
0042 9 5 S
0042 10 9 S
0042 12 10 S
0042 13 13 S
0042 14 14 S
0042 15 15 S
0042 15 17 S
0042 16 16 S
0042 17 18 S
0042 18 20 S
0042 20 19 S
0042 21 19 S
0042 22 21 S
0042 23 22 S
0042 24 23 S
0042 25 24 S
0043 1 1 S
0043 1 2 S
0043 1 3 S
0043 2 1 S
0043 2 2 S
0043 2 3 S
0043 3 1 S
0043 3 2 S
0043 3 3 S
0043 4 4 S
0043 5 5 S
0043 5 6 S
0043 6 7 S
0043 6 8 S
0043 7 9 S
0043 8 9 S
0043 9 10 S
0043 10 11 S
0043 11 15 S
0043 11 16 S
0043 12 12 S
0043 12 14 S
0043 13 13 S
0043 14 17 S
0043 16 18 S
0043 17 19 S
0043 18 19 S
0043 19 19 S
0043 20 20 S
0043 21 21 S
0043 22 22 S
0043 22 23 S
0043 23 24 S
0043 23 25 S
0043 23 26 S
0043 24 27 S
0044 1 1 S
0044 2 3 S
0044 3 2 S
0044 4 4 S
0044 5 5 S
0044 5 6 S
0044 7 7 S
0044 7 8 S
0044 8 7 S
0044 8 8 S
0044 9 9 S
0044 10 10 S
0044 10 11 S
0044 11 12 S
0044 11 17 S
0044 12 13 S
0044 13 14 S
0044 14 15 S
0044 15 16 S
0044 16 18 S
0044 17 18 S
0044 18 19 S
0044 19 19 S
0044 20 20 S
0044 20 21 S
0044 20 22 S
0044 20 23 S
0044 20 24 S
0044 21 20 S
0044 21 21 S
0044 21 22 S
0044 21 23 S
0044 21 24 S
0044 22 25 S
0044 23 25 S
0044 24 25 S
0044 25 27 S
0044 26 26 S
0044 27 28 S
0045 1 3 S
0045 2 3 S
0045 3 1 S
0045 4 2 S
0045 5 4 S
0045 6 5 S
0045 6 6 S
0045 6 7 S
0045 6 8 S
0045 7 9 S
0045 9 10 S
0045 12 11 S
0045 13 20 S
0045 14 26 S
0045 15 21 S
0045 16 23 S
0045 16 24 S
0045 16 25 S
0045 17 22 S
0045 19 13 S
0045 21 12 S
0045 22 12 S
0045 23 14 S
0045 24 15 S
0045 26 16 S
0045 26 17 S
0045 27 15 S
0045 28 19 S
0045 29 19 S
0045 30 18 S
0045 31 18 S
0045 32 27 S
0046 1 1 S
0046 4 3 S
0046 5 4 S
0046 5 5 S
0046 5 6 S
0046 6 7 S
0046 7 8 S
0046 8 19 S
0046 8 20 S
0046 9 11 S
0046 11 9 S
0046 11 21 S
0046 11 26 S
0046 12 10 S
0046 12 21 S
0046 12 26 S
0046 13 22 S
0046 14 23 S
0046 15 24 S
0046 16 12 S
0046 17 12 S
0046 18 25 S
0046 19 27 S
0046 20 28 S
0047 1 1 S
0047 1 2 S
0047 1 3 S
0047 2 1 S
0047 2 2 S
0047 2 3 S
0047 3 1 S
0047 3 2 S
0047 3 3 S
0047 4 1 S
0047 4 2 S
0047 4 3 S
0047 5 1 S
0047 5 2 S
0047 5 3 S
0047 7 4 S
0047 7 6 S
0047 9 5 S
0047 10 8 S
0047 10 9 S
0047 11 10 S
0047 12 11 S
0047 13 12 S
0047 14 13 S
0047 15 14 S
0047 16 15 S
0047 17 16 S
0047 18 17 S
0047 19 18 S
0047 20 19 S
0047 21 20 S
0047 22 21 S
0047 23 22 S
0047 24 23 S
0047 25 24 S
0047 26 25 S
0047 27 26 S
0047 28 27 S
0047 29 28 S
0047 30 29 S
0047 31 30 S
0047 32 31 S
0048 1 2 S
0048 2 3 S
0048 3 4 S
0048 4 5 S
0048 5 8 S
0048 6 9 S
0048 7 10 S
0048 8 11 S
0048 9 12 S
0048 10 13 S
0048 11 13 S
0048 12 13 S
0048 13 13 S
0048 14 13 S
0048 16 15 S
0048 17 14 S
0048 18 14 S
0048 19 16 S
0048 20 17 S
0048 21 18 S
0049 1 1 S
0049 1 2 S
0049 1 3 S
0049 2 4 S
0049 3 4 S
0049 4 5 S
0049 5 6 S
0049 5 7 S
0049 5 8 S
0049 6 6 S
0049 6 7 S
0049 6 8 S
0049 7 9 S
0049 7 10 S
0049 8 11 S
0049 9 12 S
0049 9 13 S
0049 10 14 S
0049 11 15 S
0049 12 16 S
0049 13 18 S
0049 14 17 S
0049 15 19 S
0049 16 20 S
0049 17 21 S
0049 18 23 S
0049 19 24 S
0049 20 25 S
0049 21 21 S
0049 22 23 S
0049 23 26 S
0049 24 27 S
0049 25 28 S
0049 26 29 S
0049 27 30 S
0049 28 31 S
0049 28 32 S
0049 29 33 S
0049 30 34 S
0049 31 35 S
0049 31 36 S
0049 32 37 S
0049 33 38 S
0049 34 39 S
0049 35 40 S
0049 35 42 S
0049 36 41 S
0049 37 41 S
0049 38 43 S
0049 39 44 S
0049 39 45 S
0049 40 46 S
0049 41 47 S
0049 42 48 S
0050 1 1 S
0050 2 2 S
0050 3 4 S
0050 3 5 S
0050 5 3 S
0050 6 3 S
0050 7 4 S
0050 8 4 S
0050 9 5 S
0050 12 9 S
0050 13 8 S
0050 14 7 S
0050 15 8 S
0050 16 10 S
0050 17 12 S
0050 18 11 S
0050 19 11 S
0050 20 13 S
0050 21 14 S
0050 21 15 S
0050 22 16 S
0050 23 22 S
0050 24 22 S
0050 25 23 S
0050 26 24 S
0050 27 25 S
0051 1 1 S
0051 2 3 S
0051 3 3 S
0051 4 2 S
0051 5 4 S
0051 6 5 S
0051 6 6 S
0051 7 7 S
0051 7 10 S
0051 8 9 S
0051 9 8 S
0051 10 11 S
0051 11 12 S
0051 12 12 S
0051 13 13 S
0051 15 14 S
0051 16 15 S
0051 17 16 S
0051 18 17 S
0051 19 18 S
0051 20 19 S
0051 21 20 S
0051 22 17 S
0051 23 21 S
0051 24 22 S
0051 25 23 S
0051 26 27 S
0051 27 28 S
0052 1 1 S
0052 1 2 S
0052 1 3 S
0052 2 1 S
0052 2 2 S
0052 2 3 S
0052 3 9 S
0052 4 4 S
0052 4 5 S
0052 4 8 S
0052 6 6 S
0052 7 7 S
0052 8 10 S
0052 9 11 S
0053 2 2 S
0053 2 3 S
0053 3 1 S
0053 4 4 S
0053 6 5 S
0053 9 5 S
0053 10 6 S
0053 11 7 S
0053 12 8 S
0053 12 9 S
0053 13 10 S
0053 13 11 S
0053 13 13 S
0053 14 12 S
0053 15 12 S
0053 16 12 S
0053 17 14 S
0053 18 19 S
0053 19 19 S
0053 21 16 S
0053 22 17 S
0053 23 18 S
0053 24 20 S
0053 25 21 S
0053 26 22 S
0053 27 23 S
0053 30 24 S
0053 30 25 S
0053 33 26 S
0053 33 29 S
0053 33 30 S
0053 33 31 S
0053 34 28 S
0053 35 28 S
0053 36 27 S
0053 37 32 S
0054 1 2 S
0054 2 1 S
0054 3 3 S
0054 4 4 S
0054 5 5 S
0054 6 6 S
0054 6 7 S
0054 7 8 S
0054 7 13 S
0054 8 9 S
0054 9 10 S
0054 10 11 S
0054 11 12 S
0054 12 14 S
0055 1 2 S
0055 2 2 S
0055 3 3 S
0055 3 4 S
0055 4 5 S
0055 5 6 S
0055 6 6 S
0055 7 7 S
0055 7 8 S
0055 8 9 S
0055 8 10 S
0055 8 12 S
0055 8 13 S
0055 9 14 S
0055 10 11 S
0055 11 16 S
0055 11 17 S
0055 12 15 S
0055 13 18 S
0055 14 19 S
0055 18 21 S
0055 20 27 S
0055 20 28 S
0055 21 29 S
0055 22 30 S
0055 22 33 S
0055 22 34 S
0055 23 32 S
0055 24 31 S
0055 25 35 S
0055 26 36 S
0055 27 36 S
0055 28 37 S
0055 28 38 S
0055 29 39 S
0055 30 40 S
0055 32 23 S
0055 33 23 S
0055 34 24 S
0055 35 25 S
0055 36 26 S
0055 37 41 S
0056 1 1 S
0056 1 2 S
0056 2 5 S
0056 3 6 S
0056 4 6 S
0056 5 7 S
0056 6 8 S
0056 10 9 S
0056 11 12 S
0056 12 11 S
0056 13 10 S
0056 14 13 S
0056 15 14 S
0056 15 15 S
0056 15 16 S
0056 16 17 S
0056 17 18 S
0056 18 21 S
0056 19 22 S
0056 20 23 S
0056 21 23 S
0056 22 24 S
0056 22 26 S
0056 23 25 S
0056 24 27 S
0056 25 28 S
0056 25 30 S
0056 26 29 S
0056 27 31 S
0056 28 32 S
0056 29 33 S
0056 30 34 S
0056 31 35 S
0056 32 36 S
0056 33 37 S
0056 34 38 S
0056 34 39 S
0056 35 40 S
0057 1 7 S
0057 1 8 S
0057 1 9 S
0057 1 10 S
0057 1 12 S
0057 1 13 S
0057 2 7 S
0057 2 8 S
0057 2 9 S
0057 2 10 S
0057 2 12 S
0057 2 13 S
0057 3 7 S
0057 3 8 S
0057 3 9 S
0057 3 10 S
0057 3 12 S
0057 3 13 S
0057 4 7 S
0057 4 8 S
0057 4 9 S
0057 4 10 S
0057 4 12 S
0057 4 13 S
0057 5 7 S
0057 5 8 S
0057 5 9 S
0057 5 10 S
0057 5 12 S
0057 5 13 S
0057 6 2 S
0057 7 4 S
0057 8 14 S
0057 9 15 S
0057 10 16 S
0057 10 26 S
0057 10 37 S
0057 11 17 S
0057 12 18 S
0057 13 18 S
0057 14 19 S
0057 15 20 S
0057 16 21 S
0057 16 32 S
0057 17 23 S
0057 17 34 S
0057 18 22 S
0057 19 24 S
0057 20 25 S
0057 21 27 S
0057 22 29 S
0057 23 28 S
0057 24 30 S
0057 25 31 S
0057 26 33 S
0057 27 35 S
0057 28 36 S
0057 29 38 S
0057 30 39 S
0057 30 40 S
0057 31 41 S
0057 32 42 S
0057 33 43 S
0057 34 44 S
0057 34 46 S
0057 35 45 S
0057 36 47 S
0058 1 1 S
0058 2 2 S
0058 3 3 S
0058 4 4 S
0058 5 12 S
0058 6 5 S
0058 7 6 S
0058 8 7 S
0058 9 9 S
0058 10 10 S
0058 11 13 S
0058 12 14 S
0058 13 15 S
0058 14 16 S
0058 15 17 S
0058 15 19 S
0058 16 18 S
0058 17 25 S
0058 18 25 S
0058 19 26 S
0058 20 26 S
0058 21 28 S
0058 22 29 S
0058 23 30 S
0058 24 34 S
0058 25 31 S
0058 26 32 S
0058 27 33 S
0058 28 35 S
0058 29 36 S
0058 30 37 S
0058 31 38 S
0058 32 39 S
0058 32 40 S
0058 33 41 S
0058 33 42 S
0058 34 45 S
0058 35 43 S
0058 36 44 S
0058 37 44 S
0058 38 46 S
0059 1 15 S
0059 2 14 S
0059 3 16 S
0059 5 1 S
0059 8 4 S
0059 9 3 S
0059 10 5 S
0059 11 7 S
0059 11 9 S
0059 12 6 S
0059 13 10 S
0059 14 12 S
0059 15 11 S
0059 16 13 S
0059 17 17 S
0060 2 3 S
0060 2 4 S
0060 3 5 S
0060 4 5 S
0060 5 6 S
0060 7 10 S
0060 7 11 S
0060 7 12 S
0060 7 13 S
0060 8 10 S
0060 8 11 S
0060 8 12 S
0060 8 13 S
0060 10 14 S
0060 11 10 S
0060 11 11 S
0060 11 12 S
0060 11 13 S
0060 12 15 S
0060 13 7 S
0060 14 8 S
0060 15 9 S
0060 16 15 S
0060 17 25 S
0060 18 26 S
0060 21 16 S
0060 21 17 S
0060 22 21 S
0060 22 24 S
0060 23 22 S
0060 24 23 S
0060 25 23 S
0060 27 27 S
0060 27 28 S
0060 28 29 S
0060 29 31 S
0060 30 32 S
0060 31 33 S
0060 31 37 S
0060 31 38 S
0060 32 34 S
0060 32 35 S
0060 32 36 S
0060 33 39 S
0060 34 40 S
0060 35 41 S
0060 36 44 S
0060 37 43 S
0060 38 45 S
0060 39 46 S
0060 40 47 S
0060 41 48 S
0060 42 49 S
0060 42 50 S
0060 43 49 S
0060 43 50 S
0060 44 51 S
0060 45 53 S
0060 46 54 S
0060 47 55 S
0060 48 56 S
0060 49 57 S
0060 49 58 S
0060 50 59 S
0061 1 1 S
0061 2 3 S
0061 2 5 S
0061 4 2 S
0061 5 3 S
0061 5 5 S
0061 6 4 S
0061 7 4 S
0061 8 4 S
0061 9 4 S
0061 10 6 S
0062 1 1 S
0062 2 3 S
0062 3 2 S
0062 4 4 S
0062 5 5 S
0064 1 3 S
0064 2 2 S
0064 3 1 S
0064 4 4 S
0064 5 7 S
0064 6 5 S
0064 7 7 S
0064 8 6 S
0064 9 6 S
0064 10 8 S
0064 11 9 S
0064 12 11 S
0064 13 10 S
0064 13 13 S
0064 14 12 S
0064 15 14 S
0064 15 17 S
0064 16 15 S
0064 16 16 S
0064 17 18 S
0064 18 19 S
0064 19 19 S
0064 20 20 S
0064 20 21 S
0064 21 23 S
0064 22 22 S
0064 23 24 S
0065 1 1 S
0065 1 2 S
0065 1 3 S
0065 1 4 S
0065 1 5 S
0065 2 1 S
0065 2 2 S
0065 2 3 S
0065 2 4 S
0065 2 5 S
0065 3 6 S
0065 4 7 S
0065 7 8 S
0065 8 8 S
0065 9 10 S
0065 10 10 S
0065 11 13 S
0065 12 12 S
0065 13 14 S
0065 14 16 S
0065 15 15 S
0065 16 15 S
0065 17 17 S
0065 18 18 S
0066 1 1 S
0066 2 2 S
0066 3 3 S
0066 4 4 S
0066 5 4 S
0066 5 5 S
0066 6 6 S
0066 6 7 S
0066 7 8 S
0066 8 9 S
0066 9 10 S
0066 10 10 S
0066 11 11 S
0066 11 12 S
0066 12 13 S
0066 13 14 S
0066 14 15 S
0066 16 17 S
0066 17 16 S
0066 18 18 S
0066 19 19 S
0066 19 20 S
0066 20 19 S
0066 20 20 S
0066 21 19 S
0066 21 20 S
0066 22 21 S
0066 23 22 S
0066 24 22 S
0066 25 23 S
0066 26 24 S
0066 28 23 S
0066 29 25 S
0066 30 26 S
0066 30 27 S
0066 30 28 S
0066 31 26 S
0066 31 27 S
0066 31 28 S
0066 32 29 S
0066 33 29 S
0066 34 30 S
0066 34 34 S
0066 35 33 S
0066 36 32 S
0066 37 31 S
0066 38 35 S
0066 39 36 S
0067 1 1 S
0067 2 1 S
0067 3 2 S
0067 4 3 S
0067 5 3 S
0067 6 3 S
0067 7 4 S
0067 8 5 S
0067 9 6 S
0067 10 7 S
0067 11 8 S
0067 12 9 S
0067 13 10 S
0067 13 12 S
0067 14 13 S
0067 15 14 S
0068 1 1 S
0068 1 2 S
0068 1 3 S
0068 1 4 S
0068 2 1 S
0068 2 2 S
0068 2 3 S
0068 2 4 S
0068 3 5 S
0068 4 6 S
0068 4 10 S
0068 5 7 S
0068 6 8 S
0068 7 9 S
0068 8 9 S
0068 9 11 S
0068 9 12 S
0068 9 13 S
0068 9 14 S
0068 10 11 S
0068 10 12 S
0068 10 13 S
0068 10 14 S
0068 11 11 S
0068 11 12 S
0068 11 13 S
0068 11 14 S
0068 12 11 S
0068 12 12 S
0068 12 13 S
0068 12 14 S
0068 13 11 S
0068 13 12 S
0068 13 13 S
0068 13 14 S
0068 14 15 S
0069 1 2 S
0069 1 3 S
0069 1 4 S
0069 2 2 S
0069 2 3 S
0069 2 4 S
0069 3 1 S
0069 4 5 S
0069 5 6 S
0069 6 8 S
0069 7 7 S
0069 8 9 S
0069 8 10 S
0069 9 11 S
0069 10 12 S
0069 11 13 S
0070 1 3 S
0070 2 4 S
0070 3 5 S
0070 3 6 S
0070 3 7 S
0070 4 9 S
0070 5 10 S
0070 7 11 S
0070 8 12 S
0070 8 13 S
0070 9 14 S
0070 10 15 S
0070 11 16 S
0071 1 3 S
0071 2 3 S
0071 3 6 S
0071 3 7 S
0071 3 8 S
0071 4 4 S
0071 5 5 S
0071 6 9 S
0072 1 2 S
0072 1 4 S
0072 2 3 S
0072 3 5 S
0072 4 6 S
0072 5 7 S
0073 1 1 S
0073 3 2 S
0073 4 4 S
0073 5 3 S
0073 5 5 S
0073 6 6 S
0073 11 14 S
0073 12 14 S
0073 13 15 S
0073 13 16 S
0073 13 17 S
0073 14 12 S
0073 16 13 S
0073 17 7 S
0073 19 9 S
0073 20 11 S
0073 21 10 S
0073 22 18 S
0074 1 2 S
0074 2 1 S
0074 3 3 S
0074 4 4 S
0074 5 5 S
0074 6 6 S
0074 7 6 S
0074 8 7 S
0074 9 8 S
0075 1 5 S
0075 1 6 S
0075 2 8 S
0075 3 7 S
0075 4 7 S
0075 7 4 S
0075 8 4 S
0075 9 3 S
0075 10 3 S
0075 11 9 S
0076 1 1 S
0076 2 2 S
0076 3 3 S
0076 4 4 S
0076 4 8 S
0076 4 9 S
0076 5 5 S
0076 5 7 S
0076 6 6 S
0076 7 6 S
0076 8 10 S
0077 1 1 S
0077 1 2 S
0077 2 1 S
0077 2 2 S
0077 3 3 S
0077 4 4 S
0077 5 5 S
0077 6 6 S
0077 7 7 S
0077 7 8 S
0077 7 9 S
0077 8 7 S
0077 8 8 S
0077 8 9 S
0077 9 7 S
0077 9 8 S
0077 9 9 S
0077 10 7 S
0077 10 8 S
0077 10 9 S
0077 11 7 S
0077 11 8 S
0077 11 9 S
0077 12 10 S
0077 13 11 S
0077 14 12 S
0077 15 13 S
0078 1 1 S
0078 1 2 S
0078 2 3 S
0078 3 4 S
0078 4 5 S
0078 4 9 S
0078 5 5 S
0078 5 9 S
0078 6 5 S
0078 6 9 S
0078 7 7 S
0078 8 6 S
0078 8 8 S
0078 8 11 S
0078 10 10 S
0078 11 12 S
0078 12 13 S
0078 13 14 S
0078 14 15 S
0078 14 16 S
0078 14 17 S
0078 14 18 S
0078 14 19 S
0078 14 26 S
0078 14 21 S
0078 16 15 S
0078 16 16 S
0078 16 17 S
0078 16 18 S
0078 16 19 S
0078 16 21 S
0078 17 23 S
0078 18 23 S
0078 19 24 S
0078 20 25 S
0078 21 27 S
0078 22 28 S
0078 23 29 S
0079 1 1 S
0079 2 3 S
0079 3 2 S
0079 4 4 S
0079 5 5 S
0079 5 6 S
0079 5 7 S
0079 5 9 S
0079 6 8 S
0079 7 10 S
0079 8 10 S
0079 9 15 S
0079 10 11 S
0079 12 12 S
0079 13 17 S
0079 14 16 S
0079 15 15 S
0079 16 19 S
0079 17 20 S
0079 18 21 S
0079 19 23 S
0079 20 23 S
0079 21 26 S
0080 1 1 S
0080 3 6 S
0080 4 8 S
0080 5 9 S
0080 6 10 S
0080 6 11 S
0080 8 2 S
0080 9 3 S
0080 9 4 S
0080 10 5 S
0080 11 5 S
0080 12 12 S
0081 1 1 S
0081 2 2 S
0081 3 3 S
0081 3 4 S
0081 4 5 S
0081 6 6 S
0081 7 7 S
0081 8 8 S
0081 8 9 S
0081 8 10 S
0081 9 11 S
0081 10 12 S
0081 11 13 S
0081 12 14 S
0082 1 7 S
0082 2 7 S
0082 3 6 S
0082 6 8 S
0082 8 9 S
0082 9 9 S
0082 10 10 S
0082 11 11 S
0082 12 11 S
0082 13 12 S
0082 14 11 S
0082 15 13 S
0082 16 16 S
0082 17 18 S
0082 18 17 S
0082 19 15 S
0082 20 14 S
0082 21 14 S
0082 22 19 S
0083 1 1 S
0083 2 1 S
0083 3 8 S
0083 4 3 S
0083 4 7 S
0083 5 2 S
0083 6 4 S
0083 6 6 S
0083 7 5 S
0083 8 9 S
0084 1 1 S
0084 2 2 S
0084 5 2 S
0084 6 2 S
0084 7 3 S
0084 8 4 S
0084 8 5 S
0084 8 6 S
0084 9 7 S
0085 1 1 S
0085 2 2 S
0085 3 4 S
0085 5 5 S
0085 6 4 S
0085 7 3 S
0085 8 3 S
0085 9 6 S
0086 1 1 S
0086 2 2 S
0086 3 4 S
0086 4 4 S
0086 5 5 S
0086 7 7 S
0086 8 6 S
0086 9 8 S
0086 10 9 S
0086 11 9 S
0086 12 10 S
0086 13 12 S
0086 15 13 S
0086 16 14 S
0087 1 9 S
0087 2 2 S
0087 3 3 S
0087 4 4 S
0087 5 6 S
0087 6 5 S
0087 7 10 S
0087 9 11 S
0087 9 12 S
0087 9 13 S
0087 10 11 S
0087 10 12 S
0087 10 13 S
0087 11 14 S
0088 1 4 S
0088 3 4 S
0088 4 3 S
0088 5 1 S
0088 6 2 S
0088 7 5 S
0088 8 6 S
0088 9 7 S
0088 10 7 S
0088 11 7 S
0088 12 7 S
0088 13 9 S
0088 14 10 S
0088 15 11 S
0088 16 12 S
0088 17 13 S
0088 18 13 S
0088 19 14 S
0088 20 15 S
0088 21 16 S
0088 22 18 S
0088 23 17 S
0088 24 19 S
0088 25 19 S
0088 26 21 S
0088 27 20 S
0088 28 22 S
0089 1 1 S
0089 2 1 S
0089 3 2 S
0089 4 4 S
0089 6 8 S
0089 7 9 S
0089 8 10 S
0089 9 10 S
0089 10 11 S
0089 10 12 S
0089 10 13 S
0089 10 28 S
0089 11 14 S
0089 12 15 S
0089 15 16 S
0089 16 17 S
0089 17 18 S
0089 18 19 S
0089 18 20 S
0089 18 21 S
0089 20 19 S
0089 20 20 S
0089 20 21 S
0089 21 19 S
0089 21 20 S
0089 21 21 S
0089 23 22 S
0089 25 33 S
0089 26 23 S
0089 26 24 S
0089 26 25 S
0089 26 26 S
0089 27 27 S
0089 28 33 S
0089 29 32 S
0089 30 31 S
0089 31 29 S
0089 32 30 S
0089 33 34 S
0090 1 3 S
0090 2 4 S
0090 3 5 S
0090 4 8 S
0090 5 7 S
0090 6 6 S
0090 7 10 S
0090 8 9 S
0090 9 11 S
0090 10 12 S
0090 11 13 S
0090 11 14 S
0090 11 15 S
0090 12 13 S
0090 12 14 S
0090 12 15 S
0090 13 13 S
0090 13 14 S
0090 13 15 S
0090 14 16 S
0091 1 1 S
0091 1 2 S
0091 2 3 S
0091 3 3 S
0091 4 7 S
0091 5 4 S
0091 6 5 S
0091 7 8 S
0092 1 1 S
0092 1 2 S
0092 2 3 S
0092 3 4 S
0092 4 5 S
0092 5 6 S
0092 6 8 S
0092 8 7 S
0092 8 9 S
0092 8 10 S
0092 8 11 S
0092 10 12 S
0092 11 13 S
0092 13 14 S
0092 14 15 S
0092 15 17 S
0092 16 16 S
0092 17 20 S
0093 1 1 S
0093 1 2 S
0093 2 3 S
0093 4 5 S
0093 6 5 S
0093 7 5 S
0093 8 6 S
0093 9 7 S
0093 10 8 S
0093 10 9 S
0093 11 11 S
0093 12 12 S
0093 12 13 S
0093 13 14 S
0093 14 14 S
0093 15 18 S
0093 15 19 S
0093 17 18 S
0093 17 19 S
0093 18 18 S
0093 18 19 S
0093 19 18 S
0093 19 19 S
0093 20 18 S
0093 20 19 S
0093 21 15 S
0093 23 17 S
0093 24 16 S
0093 25 20 S
0094 1 1 S
0094 1 2 S
0094 1 3 S
0094 2 1 S
0094 2 2 S
0094 2 3 S
0094 5 1 S
0094 5 2 S
0094 5 3 S
0094 7 1 S
0094 7 2 S
0094 7 3 S
0094 8 4 S
0094 9 5 S
0094 9 6 S
0094 10 7 S
0094 11 15 S
0094 12 15 S
0094 13 16 S
0094 13 19 S
0094 14 17 S
0094 16 18 S
0094 17 13 S
0094 19 13 S
0094 20 13 S
0094 21 14 S
0094 22 8 S
0094 23 9 S
0094 24 10 S
0094 24 11 S
0094 24 12 S
0094 25 20 S
0095 1 1 S
0095 2 1 S
0095 3 2 S
0096 1 2 S
0096 2 4 S
0096 4 4 S
0096 5 4 S
0096 6 5 S
0096 7 6 S
0096 7 7 S
0096 7 8 S
0096 7 9 S
0096 9 10 S
0096 10 12 S
0096 11 11 S
0096 12 11 S
0096 14 13 S
0096 14 14 S
0096 15 19 S
0096 16 18 S
0096 17 17 S
0096 18 15 S
0096 18 16 S
0096 19 20 S
0097 1 1 S
0097 3 2 S
0097 3 3 S
0097 4 4 S
0097 4 5 S
0097 4 6 S
0097 5 7 S
0098 1 1 S
0098 2 1 S
0098 3 2 S
0099 1 1 S
0099 2 2 S
0099 3 3 S
0099 3 4 S
0099 4 5 S
0099 4 6 S
0099 5 8 S
0099 6 7 S
0099 7 9 S
0100 1 1 S
0100 2 2 S
0100 2 3 S
0100 4 4 S
0100 5 6 S
0100 6 5 S
0100 8 25 S
0100 8 26 S
0100 8 27 S
0100 8 28 S
0100 8 29 S
0100 11 30 S
0100 12 31 S
0100 12 33 S
0100 12 34 S
0100 13 32 S
0100 14 32 S
0100 16 23 S
0100 18 22 S
0100 20 10 S
0100 21 11 S
0100 22 13 S
0100 23 12 S
0100 23 14 S
0100 24 15 S
0100 25 18 S
0100 26 16 S
0100 27 16 S
0100 28 17 S
0100 29 35 S
0101 1 1 S
0101 1 2 S
0101 1 3 S
0101 1 4 S
0101 2 1 S
0101 2 2 S
0101 2 3 S
0101 2 4 S
0101 3 5 S
0101 3 7 S
0101 4 6 S
0101 5 6 S
0101 6 8 S
0101 7 9 S
0101 8 10 S
0101 9 11 S
0101 10 12 S
0101 11 12 S
0101 12 13 S
0101 13 14 S
0101 14 15 S
0101 15 16 S
0101 15 17 S
0101 17 18 S
0101 17 20 S
0101 18 18 S
0101 18 20 S
0101 19 19 S
0101 20 19 S
0101 21 21 S
0101 22 22 S
0101 23 23 S
0101 24 24 S
0101 25 25 S
0101 25 26 S
0101 26 27 S
0101 27 28 S
0101 29 28 S
0101 30 28 S
0101 31 29 S
0101 32 30 S
0102 1 5 S
0102 2 11 S
0102 3 6 S
0102 4 8 S
0102 6 10 S
0102 11 12 S
0102 11 13 S
0102 12 14 S
0102 14 15 S
0102 15 16 S
0102 17 1 S
0102 17 2 S
0102 17 3 S
0102 17 4 S
0102 18 17 S
0102 18 18 S
0102 19 1 S
0102 19 2 S
0102 19 3 S
0102 19 4 S
0102 20 19 S
0102 20 20 S
0102 21 21 S
0102 22 22 S
0102 23 26 S
0102 24 27 S
0102 25 28 S
0102 27 31 S
0102 28 30 S
0102 29 29 S
0102 30 32 S
0102 31 33 S
0102 32 34 S
0102 33 35 S
0103 1 4 S
0103 1 5 S
0103 1 6 S
0103 2 3 S
0103 4 1 S
0103 5 2 S
0103 6 7 S
0103 7 13 S
0103 7 14 S
0103 8 11 S
0103 8 12 S
0103 9 11 S
0103 9 12 S
0103 10 8 S
0103 11 10 S
0103 12 9 S
0103 13 15 S
0103 14 15 S
0103 15 16 S
0103 16 16 S
0103 17 17 S
0103 18 18 S
0103 19 19 S
0103 20 20 S
0103 21 21 S
0103 22 22 S
0104 1 2 S
0104 1 3 S
0104 2 1 S
0104 3 4 S
0104 4 6 S
0104 4 7 S
0104 5 5 S
0104 6 8 S
0104 7 11 S
0104 8 12 S
0104 9 13 S
0104 10 14 S
0104 10 15 S
0104 11 16 S
0104 12 17 S
0104 13 18 S
0105 1 1 S
0105 2 2 S
0105 2 3 S
0105 2 5 S
0105 4 4 S
0105 5 6 S
0105 6 7 S
0105 7 8 S
0105 7 9 S
0105 7 10 S
0105 8 11 S
0105 9 11 S
0105 10 11 S
0105 11 12 S
0105 12 13 S
0105 13 14 S
0105 17 15 S
0105 18 16 S
0105 18 17 S
0105 18 18 S
0105 18 19 S
0105 19 20 S
0105 20 21 S
0105 21 22 S
0105 22 22 S
0105 23 22 S
0105 24 23 S
0105 25 24 S
0105 26 24 S
0105 27 25 S
0105 28 25 S
0105 29 26 S
0106 1 4 S
0106 2 1 S
0106 3 2 S
0106 4 3 S
0106 5 5 S
0106 6 6 S
0106 8 7 S
0106 9 8 S
0106 10 9 S
0106 11 10 S
0106 12 11 S
0106 13 12 S
0106 14 13 S
0106 15 14 S
0106 16 15 S
0106 17 17 S
0106 18 16 S
0106 18 18 S
0106 19 20 S
0106 20 19 S
0106 21 19 S
0106 22 21 S
0107 1 2 S
0107 2 1 S
0107 3 3 S
0107 5 4 S
0107 6 5 S
0107 7 9 S
0107 8 7 S
0107 9 6 S
0107 9 8 S
0107 10 11 S
0107 10 12 S
0107 10 13 S
0107 11 11 S
0107 11 12 S
0107 11 13 S
0107 12 14 S
0107 12 15 S
0107 13 16 S
0108 1 11 S
0108 2 12 S
0108 3 12 S
0108 4 13 S
0108 5 1 S
0108 5 2 S
0108 5 3 S
0108 5 7 S
0108 6 4 S
0108 6 5 S
0108 6 5 S
0108 7 1 S
0108 7 2 S
0108 7 3 S
0108 7 7 S
0108 8 8 S
0108 9 9 S
0108 10 10 S
0108 11 14 S
0109 1 1 S
0109 1 2 S
0109 2 3 S
0109 3 3 S
0109 4 4 S
0109 5 5 S
0109 6 6 S
0109 7 9 S
0109 8 11 S
0109 9 12 S
0109 10 12 S
0109 11 10 S
0109 12 10 S
0109 13 13 S
0110 1 1 S
0110 2 2 S
0110 3 2 S
0110 4 4 S
0110 4 5 S
0110 5 3 S
0110 6 6 S
0110 7 6 S
0110 8 6 S
0110 9 7 S
0110 9 8 S
0110 11 9 S
0110 12 10 S
0110 13 10 S
0110 14 24 S
0110 14 25 S
0110 15 12 S
0110 15 13 S
0110 16 14 S
0110 18 15 S
0110 18 16 S
0110 18 17 S
0110 19 18 S
0110 21 19 S
0110 21 20 S
0110 22 21 S
0110 25 22 S
0110 25 23 S
0110 26 28 S
0111 1 1 S
0111 1 3 S
0111 2 2 S
0111 3 2 S
0111 4 5 S
0111 6 4 S
0111 7 4 S
0111 8 6 S
0111 9 8 S
0112 1 1 S
0112 2 2 S
0112 3 3 S
0112 5 4 S
0112 6 5 S
0112 7 6 S
0112 8 7 S
0112 9 7 S
0112 10 7 S
0112 11 7 S
0112 13 8 S
0112 14 9 S
0112 15 10 S
0112 17 11 S
0112 18 10 S
0112 19 12 S
0112 19 13 S
0112 19 14 S
0112 20 10 S
0112 21 10 S
0112 22 10 S
0112 24 15 S
0112 25 16 S
0112 25 18 S
0112 26 16 S
0112 26 18 S
0112 27 16 S
0112 27 18 S
0112 28 17 S
0112 29 19 S
0112 30 19 S
0112 31 20 S
0112 32 21 S
0112 33 22 S
0112 34 22 S
0112 35 23 S
0112 36 24 S
0112 37 24 S
0112 38 24 S
0112 39 24 S
0112 41 38 S
0112 42 39 S
0112 44 26 S
0112 44 27 S
0112 44 28 S
0112 45 29 S
0112 46 30 S
0112 47 31 S
0112 48 33 S
0112 49 32 S
0112 50 32 S
0112 51 40 S
0113 1 1 S
0113 1 4 S
0113 2 3 S
0113 3 2 S
0113 4 5 S
0113 5 5 S
0113 6 6 S
0113 7 7 S
0114 1 2 S
0114 2 2 S
0114 5 7 S
0114 6 8 S
0114 8 3 S
0114 8 4 S
0114 9 5 S
0114 10 6 S
0114 11 9 S
0115 1 2 S
0115 2 3 S
0115 3 3 S
0115 4 7 S
0115 5 8 S
0115 6 9 S
0115 7 13 S
0115 7 14 S
0115 7 15 S
0115 8 6 S
0115 9 16 S
0115 10 19 S
0115 11 17 S
0115 12 20 S
0115 14 22 S
0115 15 23 S
0115 15 24 S
0115 17 21 S
0115 18 25 S
0115 19 25 S
0115 20 30 S
0115 20 31 S
0115 20 32 S
0115 21 26 S
0115 22 28 S
0115 23 27 S
0115 23 29 S
0115 24 33 S
0116 1 1 S
0116 2 2 S
0116 3 3 S
0116 3 4 S
0116 3 5 S
0116 3 6 S
0116 4 3 S
0116 4 4 S
0116 4 5 S
0116 4 6 S
0116 6 3 S
0116 6 4 S
0116 6 5 S
0116 6 6 S
0116 7 7 S
0116 8 10 S
0116 9 8 S
0116 10 9 S
0116 11 11 S
0117 1 1 S
0117 1 3 S
0117 2 2 S
0117 3 4 S
0117 4 5 S
0117 4 6 S
0117 6 7 S
0117 7 8 S
0117 9 9 S
0117 10 14 S
0117 10 15 S
0117 10 16 S
0117 12 18 S
0117 13 19 S
0117 14 22 S
0117 15 23 S
0117 15 24 S
0117 16 25 S
0117 17 25 S
0117 18 26 S
0117 19 27 S
0118 3 3 S
0118 5 5 S
0118 5 6 S
0118 6 7 S
0118 6 8 S
0118 6 9 S
0118 8 7 S
0118 8 8 S
0118 8 9 S
0118 9 7 S
0118 9 8 S
0118 9 9 S
0118 10 11 S
0118 10 12 S
0118 11 13 S
0118 12 13 S
0118 13 21 S
0118 14 19 S
0118 15 20 S
0118 16 15 S
0118 16 16 S
0118 17 15 S
0118 17 16 S
0118 18 17 S
0118 18 18 S
0118 19 22 S
0119 1 1 S
0119 1 2 S
0119 2 3 S
0119 2 6 S
0119 3 3 S
0119 3 6 S
0119 4 4 S
0119 4 5 S
0119 5 7 S
0120 1 1 S
0120 2 2 S
0120 3 3 S
0120 4 5 S
0120 6 5 S
0120 7 5 S
0120 8 6 S
0120 9 6 S
0120 10 7 S
0120 11 7 S
0120 12 7 S
0120 13 11 S
0120 14 12 S
0120 14 13 S
0120 15 12 S
0120 15 13 S
0120 16 12 S
0120 16 13 S
0120 17 14 S
0120 18 16 S
0120 19 17 S
0121 1 1 S
0121 2 1 S
0121 3 2 S
0121 4 3 S
0121 4 4 S
0121 5 5 S
0121 6 6 S
0121 7 7 S
0121 8 8 S
0121 8 11 S
0121 9 9 S
0121 9 10 S
0121 11 12 S
0121 12 13 S
0121 13 14 S
0121 17 17 S
0121 17 18 S
0121 18 19 S
0121 19 20 S
0121 20 20 S
0121 21 21 S
0121 22 22 S
0122 1 1 S
0122 2 2 S
0122 2 3 S
0122 3 4 S
0122 4 6 S
0122 5 7 S
0122 6 8 S
0122 7 8 S
0122 8 9 S
0122 9 12 S
0122 10 13 S
0122 11 14 S
0122 17 15 S
0123 1 1 S
0123 2 1 S
0123 3 2 S
0123 4 3 S
0123 4 4 S
0123 5 5 S
0123 6 6 S
0123 7 7 S
0123 7 8 S
0123 8 7 S
0123 8 8 S
0123 9 9 S
0123 10 10 S
0123 10 11 S
0123 11 12 S
0123 12 13 S
0123 13 14 S
0123 14 16 S
0123 15 15 S
0123 16 16 S
0123 17 17 S
0123 18 18 S
0123 18 21 S
0123 19 19 S
0123 20 20 S
0123 21 22 S
0123 22 23 S
0123 23 24 S
0123 24 24 S
0123 25 25 S
0123 26 26 S
0123 27 28 S
0123 28 27 S
0123 29 28 S
0123 30 29 S
0123 31 30 S
0123 32 31 S
0123 33 32 S
0123 34 32 S
0123 35 33 S
0123 35 34 S
0123 36 35 S
0123 37 36 S
0123 38 38 S
0123 39 37 S
0123 40 39 S
0123 41 42 S
0123 42 40 S
0123 42 41 S
0123 43 43 S
0124 1 1 S
0124 1 2 S
0124 2 7 S
0124 3 7 S
0124 4 8 S
0124 5 3 S
0124 6 3 S
0124 7 4 S
0124 8 4 S
0124 9 5 S
0124 10 9 S
0124 11 10 S
0124 11 11 S
0124 11 12 S
0124 12 10 S
0124 12 11 S
0124 12 12 S
0124 13 13 S
0124 13 17 S
0124 14 16 S
0124 15 16 S
0124 16 15 S
0124 17 15 S
0124 18 14 S
0124 19 18 S
0124 20 19 S
0124 21 20 S
0124 22 21 S
0124 24 22 S
0124 25 23 S
0124 26 24 S
0124 27 25 S
0125 1 1 S
0125 2 2 S
0125 3 3 S
0125 4 4 S
0125 5 6 S
0125 6 5 S
0125 7 7 S
0125 8 8 S
0125 9 9 S
0125 12 12 S
0125 13 13 S
0125 15 15 S
0125 16 14 S
0125 17 16 S
0125 19 17 S
0125 19 18 S
0125 19 19 S
0125 20 20 S
0125 21 21 S
0125 23 23 S
0125 24 22 S
0125 25 24 S
0125 27 25 S
0125 27 26 S
0125 28 27 S
0125 28 28 S
0125 28 29 S
0125 28 30 S
0125 29 31 S
0126 1 1 S
0126 1 2 S
0126 2 3 S
0126 3 4 S
0126 3 5 S
0126 4 6 S
0126 4 7 S
0126 5 8 S
0126 6 9 S
0126 6 10 S
0126 7 11 S
0126 8 12 S
0126 9 13 S
0126 11 13 S
0126 12 14 S
0126 13 15 S
0126 14 16 S
0126 15 17 S
0126 16 18 S
0126 17 19 S
0126 18 20 S
0126 19 21 S
0126 20 22 S
0126 21 24 S
0126 23 23 S
0126 24 25 S
0126 25 26 S
0126 26 27 S
0126 27 28 S
0126 28 29 S
0126 29 30 S
0126 30 30 S
0126 31 30 S
0126 32 31 S
0126 33 31 S
0126 34 32 S
0126 35 33 S
0127 3 1 S
0127 3 2 S
0127 4 6 S
0127 5 8 S
0127 6 9 S
0127 6 10 S
0127 7 11 S
0127 8 7 S
0127 9 12 S
0127 9 13 S
0127 10 14 S
0127 11 21 S
0127 12 22 S
0127 13 23 S
0127 13 24 S
0127 14 17 S
0127 16 15 S
0127 16 16 S
0127 16 20 S
0127 17 15 S
0127 17 16 S
0127 17 20 S
0127 18 15 S
0127 18 16 S
0127 18 20 S
0127 19 17 S
0127 20 18 S
0127 21 19 S
0127 21 28 S
0127 22 25 S
0127 23 26 S
0127 24 27 S
0127 25 29 S
0127 25 30 S
0127 26 31 S
0127 27 33 S
0127 28 32 S
0127 28 34 S
0127 29 35 S
0128 1 1 S
0128 2 2 S
0128 3 3 S
0128 5 4 S
0128 6 5 S
0128 6 6 S
0128 7 7 S
0128 7 8 S
0128 8 9 S
0128 10 10 S
0128 11 11 S
0128 12 14 S
0128 13 14 S
0128 14 15 S
0128 15 17 S
0128 16 18 S
0128 17 16 S
0128 18 19 S
0128 20 20 S
0128 21 21 S
0128 22 22 S
0128 23 22 S
0128 24 22 S
0128 25 24 S
0128 26 26 S
0129 1 3 S
0129 2 4 S
0129 3 4 S
0129 4 7 S
0130 3 1 S
0130 3 7 S
0130 4 6 S
0130 5 6 S
0130 6 4 S
0130 7 3 S
0130 8 2 S
0130 9 10 S
0130 10 11 S
0130 11 12 S
0130 12 13 S
0130 13 14 S
0130 14 15 S
0130 15 16 S
0130 15 17 S
0130 16 18 S
0130 17 19 S
0130 18 20 S
0131 1 1 S
0131 2 3 S
0131 4 2 S
0131 4 4 S
0131 5 8 S
0131 7 6 S
0131 8 7 S
0131 9 9 S
0131 10 10 S
0131 10 11 S
0131 10 12 S
0131 10 13 S
0131 11 10 S
0131 11 11 S
0131 11 12 S
0131 11 13 S
0131 12 10 S
0131 12 11 S
0131 12 12 S
0131 12 13 S
0131 13 14 S
0131 14 15 S
0131 14 16 S
0131 14 17 S
0131 14 18 S
0131 14 19 S
0131 14 20 S
0131 14 21 S
0131 15 15 S
0131 15 16 S
0131 15 17 S
0131 15 18 S
0131 15 19 S
0131 15 20 S
0131 15 21 S
0131 16 15 S
0131 16 16 S
0131 16 17 S
0131 16 18 S
0131 16 19 S
0131 16 20 S
0131 16 21 S
0131 17 15 S
0131 17 16 S
0131 17 17 S
0131 17 18 S
0131 17 19 S
0131 17 20 S
0131 17 21 S
0131 18 15 S
0131 18 16 S
0131 18 17 S
0131 18 18 S
0131 18 19 S
0131 18 20 S
0131 18 21 S
0131 19 22 S
0131 20 23 S
0131 20 24 S
0131 21 25 S
0131 21 26 S
0131 24 38 S
0131 25 39 S
0131 27 27 S
0131 28 28 S
0131 29 31 S
0131 30 32 S
0131 31 29 S
0131 31 30 S
0131 31 33 S
0131 31 34 S
0131 32 29 S
0131 32 30 S
0131 32 33 S
0131 32 34 S
0131 33 29 S
0131 33 30 S
0131 33 33 S
0131 33 34 S
0131 34 40 S
0132 1 1 S
0132 2 2 S
0132 3 3 S
0132 4 4 S
0132 5 5 S
0132 6 6 S
0132 7 8 S
0132 8 7 S
0132 8 10 S
0132 9 9 S
0132 11 11 S
0132 12 12 S
0132 12 13 S
0132 12 17 S
0132 13 14 S
0132 13 16 S
0132 15 18 S
0132 15 19 S
0132 15 20 S
0132 16 21 S
0132 17 22 S
0132 17 23 S
0132 18 24 S
0133 1 1 S
0133 2 1 S
0133 3 2 S
0133 4 3 S
0133 5 4 S
0133 6 5 S
0133 7 8 S
0133 8 9 S
0133 9 10 S
0133 11 11 S
0133 12 12 S
0133 13 13 S
0133 13 14 S
0133 14 13 S
0133 14 14 S
0133 16 15 S
0133 16 16 S
0133 17 17 S
0133 17 18 S
0133 18 19 S
0133 20 20 S
0133 20 23 S
0133 21 21 S
0133 22 22 S
0133 23 22 S
0133 24 22 S
0133 25 24 S
0133 27 25 S
0133 27 26 S
0133 28 27 S
0133 28 28 S
0133 28 30 S
0133 29 29 S
0133 30 31 S
0134 1 2 S
0134 3 3 S
0134 3 4 S
0134 3 5 S
0134 4 8 S
0134 5 22 S
0134 6 22 S
0134 7 23 S
0134 8 24 S
0134 9 25 S
0134 11 9 S
0134 12 10 S
0134 13 11 S
0134 14 12 S
0134 15 13 S
0134 19 15 S
0134 22 16 S
0134 23 17 S
0134 23 19 S
0134 24 18 S
0134 25 28 S
0135 1 1 S
0135 1 2 S
0135 2 4 S
0135 3 7 S
0135 4 6 S
0135 5 5 S
0135 6 8 S
0135 7 9 S
0135 8 11 S
0135 9 10 S
0135 9 12 S
0135 10 13 S
0135 11 19 S
0135 12 14 S
0135 13 15 S
0135 14 16 S
0135 15 17 S
0135 16 18 S
0135 17 20 S
0136 1 1 S
0136 3 2 S
0136 3 3 S
0136 4 4 S
0136 4 6 S
0136 5 5 S
0136 6 7 S
0136 7 8 S
0136 8 15 S
0136 9 15 S
0136 10 14 S
0136 11 14 S
0136 12 13 S
0136 13 10 S
0136 14 9 S
0136 14 12 S
0136 15 11 S
0136 16 16 S
0137 1 1 S
0137 2 2 S
0137 3 3 S
0137 4 4 S
0137 5 5 S
0137 6 6 S
0137 7 7 S
0137 8 7 S
0137 10 8 S
0137 11 9 S
0137 12 10 S
0137 13 11 S
0137 15 12 S
0137 16 13 S
0137 17 14 S
0137 18 15 S
0137 19 16 S
0137 19 18 S
0137 20 17 S
0137 21 19 S
0137 22 21 S
0137 23 22 S
0138 1 1 S
0138 2 2 S
0138 3 7 S
0138 4 4 S
0138 5 5 S
0138 6 6 S
0138 7 7 S
0138 8 8 S
0138 9 9 S
0138 9 12 S
0138 10 11 S
0138 11 10 S
0138 12 13 S
0139 1 1 S
0139 2 2 S
0139 3 3 S
0139 4 4 S
0139 5 5 S
0139 6 6 S
0139 7 7 S
0139 10 8 S
0139 11 9 S
0139 12 9 S
0139 13 9 S
0139 14 10 S
0139 15 11 S
0140 1 7 S
0140 3 1 S
0140 5 2 S
0140 6 3 S
0140 7 4 S
0140 8 5 S
0140 9 6 S
0140 10 8 S
0140 11 9 S
0140 12 10 S
0140 13 11 S
0140 14 15 S
0140 16 12 S
0140 17 13 S
0140 19 16 S
0140 20 19 S
0140 21 18 S
0140 22 18 S
0140 23 21 S
0140 23 22 S
0140 24 20 S
0140 24 23 S
0140 25 20 S
0140 25 23 S
0140 26 24 S
0140 27 25 S
0140 28 26 S
0140 28 27 S
0140 29 28 S
0141 1 2 S
0141 2 3 S
0141 3 4 S
0141 3 5 S
0141 4 6 S
0141 5 6 S
0141 6 7 S
0141 7 8 S
0141 8 10 S
0141 9 9 S
0141 10 11 S
0141 11 12 S
0141 11 13 S
0141 12 14 S
0141 12 16 S
0141 13 15 S
0141 14 17 S
0141 14 18 S
0141 14 19 S
0141 15 20 S
0141 16 20 S
0141 17 21 S
0141 18 21 S
0141 19 22 S
0141 20 23 S
0141 21 24 S
0141 22 25 S
0141 23 26 S
0141 25 27 S
0141 26 28 S
0141 26 32 S
0141 28 31 S
0141 29 29 S
0141 30 33 S
0141 31 35 S
0141 32 36 S
0141 33 37 S
0141 35 40 S
0141 36 39 S
0141 37 41 S
0142 1 1 S
0142 2 2 S
0142 3 3 S
0142 4 4 S
0142 4 5 S
0142 5 6 S
0142 5 7 S
0142 5 8 S
0142 6 9 S
0142 7 10 S
0142 8 11 S
0142 8 12 S
0142 9 16 S
0142 9 19 S
0142 10 17 S
0142 11 18 S
0142 12 13 S
0142 13 14 S
0142 14 1 S
0142 16 20 S
0142 17 21 S
0142 17 22 S
0142 17 25 S
0142 20 24 S
0142 21 23 S
0142 23 26 S
0143 1 1 S
0143 2 1 S
0143 3 2 S
0143 3 4 S
0143 4 8 S
0143 6 9 S
0143 6 10 S
0143 7 11 S
0143 8 5 S
0143 9 7 S
0143 10 6 S
0143 11 14 S
0144 1 1 S
0144 2 2 S
0144 4 3 S
0144 6 5 S
0144 9 6 S
0144 10 7 S
0144 11 8 S
0144 12 10 S
0144 13 10 S
0144 14 9 S
0144 15 11 S
0144 16 13 S
0144 17 13 S
0144 19 12 S
0144 20 14 S
0144 21 14 S
0144 22 16 S
0144 23 17 S
0144 23 18 S
0144 23 19 S
0144 25 17 S
0144 25 18 S
0144 25 19 S
0144 26 24 S
0144 27 25 S
0144 28 26 S
0144 29 22 S
0144 30 22 S
0144 31 21 S
0144 32 27 S
0144 33 29 S
0144 34 28 S
0144 36 30 S
0144 37 29 S
0144 38 31 S
0144 39 33 S
0144 40 34 S
0144 40 35 S
0144 40 36 S
0144 40 37 S
0144 41 34 S
0144 41 35 S
0144 41 36 S
0144 41 37 S
0144 42 34 S
0144 42 35 S
0144 42 36 S
0144 42 37 S
0144 43 38 S
0145 1 1 S
0145 2 1 S
0145 3 2 S
0145 4 2 S
0145 5 3 S
0145 6 4 S
0145 7 5 S
0145 8 6 S
0145 9 7 S
0145 10 12 S
0145 10 13 S
0145 11 14 S
0145 12 15 S
0145 13 16 S
0145 15 8 S
0145 16 10 S
0145 17 17 S
0145 18 18 S
0145 18 19 S
0145 18 20 S
0145 19 18 S
0145 19 19 S
0145 19 20 S
0145 20 21 S
0145 21 21 S
0145 22 22 S
0145 23 23 S
0146 1 1 S
0146 3 1 S
0146 4 3 S
0146 5 4 S
0146 6 4 S
0146 9 24 S
0146 9 25 S
0146 10 24 S
0146 10 25 S
0146 11 26 S
0146 13 7 S
0146 14 9 S
0146 15 8 S
0146 16 9 S
0146 17 11 S
0146 17 13 S
0146 18 12 S
0146 19 12 S
0146 21 14 S
0146 22 16 S
0146 23 15 S
0146 24 27 S
0147 1 1 S
0147 2 2 S
0147 3 3 S
0147 4 4 S
0147 5 5 S
0147 5 8 S
0147 6 6 S
0147 6 7 S
0147 7 6 S
0147 7 7 S
0147 8 6 S
0147 8 7 S
0147 9 10 S
0147 9 18 S
0147 10 12 S
0147 10 13 S
0147 11 11 S
0147 12 14 S
0147 13 16 S
0147 13 17 S
0147 14 16 S
0147 14 17 S
0147 15 15 S
0147 16 19 S
0147 17 20 S
0147 18 20 S
0147 20 21 S
0147 22 23 S
0147 22 24 S
0147 22 25 S
0147 23 27 S
0147 25 29 S
0147 26 30 S
0147 27 31 S
0147 28 32 S
0147 29 33 S
0147 30 35 S
0147 32 34 S
0147 33 34 S
0147 35 36 S
0147 35 37 S
0147 36 38 S
0147 37 39 S
0148 1 2 S
0148 2 2 S
0148 3 3 S
0148 4 4 S
0148 5 6 S
0148 6 5 S
0148 7 7 S
0148 8 8 S
0149 1 1 S
0149 1 2 S
0149 1 3 S
0149 1 4 S
0149 2 1 S
0149 2 2 S
0149 2 3 S
0149 2 4 S
0149 3 1 S
0149 3 2 S
0149 3 3 S
0149 3 4 S
0149 4 5 S
0153 1 1 S
0153 1 2 S
0153 1 3 S
0153 1 4 S
0153 2 1 S
0153 2 2 S
0153 2 3 S
0153 2 4 S
0153 3 1 S
0153 3 2 S
0153 3 3 S
0153 3 4 S
0153 4 5 S
0153 5 10 S
0153 6 10 S
0153 7 9 S
0153 8 11 S
0154 1 1 S
0154 2 2 S
0155 1 1 S
0155 1 2 S
0155 2 3 S
0155 3 4 S
0155 4 5 S
0156 1 1 S
0156 2 6 S
0156 4 7 S
0156 5 8 S
0157 1 1 S
0157 4 2 S
0157 4 3 S
0157 5 4 S
0157 5 5 S
0157 5 6 S
0157 6 2 S
0157 6 3 S
0157 7 2 S
0157 7 3 S
0157 8 7 S
0157 8 8 S
0157 9 10 S
0157 11 7 S
0157 11 8 S
0157 12 11 S
0157 12 12 S
0157 12 13 S
0157 12 14 S
0157 13 11 S
0157 13 12 S
0157 13 13 S
0157 13 14 S
0157 14 11 S
0157 14 12 S
0157 14 13 S
0157 14 14 S
0157 15 11 S
0157 15 12 S
0157 15 13 S
0157 15 14 S
0157 16 15 S
0158 1 1 S
0158 1 3 S
0158 2 2 S
0158 3 4 S
0158 4 8 S
0158 4 9 S
0158 5 5 S
0158 6 6 S
0158 7 7 S
0158 8 10 S
0159 1 1 S
0159 1 4 S
0159 2 2 S
0159 3 3 S
0159 4 5 S
0159 5 6 S
0159 6 7 S
0159 7 8 S
0159 7 9 S
0159 8 8 S
0159 8 9 S
0159 9 10 S
0159 10 12 S
0159 10 13 S
0159 11 11 S
0159 12 14 S
0160 1 1 S
0160 4 4 S
0160 5 2 S
0160 6 3 S
0160 7 5 S
0160 8 6 S
0160 9 7 S
0160 10 16 S
0160 11 18 S
0160 14 14 S
0160 15 13 S
0160 16 19 S
0161 1 1 S
0161 1 2 S
0161 2 4 S
0161 3 5 S
0161 4 6 S
0161 5 7 S
0161 6 8 S
0161 7 9 S
0161 7 10 S
0161 8 11 S
0161 9 12 S
0161 10 13 S
0161 11 14 S
0161 12 15 S
0161 13 16 S
0161 14 17 S
0161 15 18 S
0161 16 19 S
0161 16 20 S
0161 16 21 S
0161 17 19 S
0161 17 20 S
0161 17 21 S
0161 18 22 S
0161 21 23 S
0161 22 23 S
0161 23 24 S
0161 24 26 S
0161 25 26 S
0161 26 25 S
0161 27 27 S
0161 27 28 S
0161 27 29 S
0161 28 27 S
0161 28 28 S
0161 28 29 S
0161 29 27 S
0161 29 28 S
0161 29 29 S
0161 30 27 S
0161 30 28 S
0161 30 29 S
0161 31 30 S
0161 32 31 S
0161 32 33 S
0161 33 32 S
0161 34 34 S
0162 1 1 S
0162 1 2 S
0162 1 3 S
0162 3 4 S
0162 4 5 S
0162 4 6 S
0162 5 7 S
0162 5 8 S
0162 6 9 S
0162 7 10 S
0162 7 11 S
0162 8 10 S
0162 8 11 S
0162 9 12 S
0163 1 1 S
0163 2 2 S
0163 3 3 S
0163 3 4 S
0163 4 5 S
0163 5 6 S
0163 5 9 S
0163 5 10 S
0163 5 11 S
0163 6 6 S
0163 6 9 S
0163 6 10 S
0163 6 11 S
0163 7 6 S
0163 7 9 S
0163 7 10 S
0163 7 11 S
0163 8 6 S
0163 8 9 S
0163 8 10 S
0163 8 11 S
0163 9 12 S
0164 1 3 S
0164 2 4 S
0164 3 6 S
0164 3 7 S
0164 3 8 S
0164 3 9 S
0164 4 6 S
0164 4 7 S
0164 4 8 S
0164 4 9 S
0164 5 6 S
0164 5 7 S
0164 5 8 S
0164 5 9 S
0164 6 10 S
0164 7 11 S
0164 8 12 S
0164 9 13 S
0164 10 17 S
0165 1 1 S
0165 2 2 S
0165 2 4 S
0165 3 3 S
0165 4 5 S
0165 5 5 S
0165 6 6 S
0165 6 7 S
0165 7 8 S
0165 8 8 S
0165 10 12 S
0165 10 13 S
0165 10 14 S
0165 13 9 S
0165 14 11 S
0165 16 16 S
0165 17 15 S
0165 18 17 S
0165 19 18 S
0165 20 19 S
0165 21 23 S
0165 21 24 S
0165 22 23 S
0165 22 24 S
0165 24 20 S
0165 25 21 S
0165 26 25 S
0166 1 2 S
0166 2 5 S
0166 2 6 S
0166 2 7 S
0166 3 8 S
0167 1 1 S
0167 1 2 S
0167 1 3 S
0167 1 4 S
0167 2 6 S
0167 2 8 S
0167 3 7 S
0167 4 12 S
0167 6 9 S
0167 7 10 S
0167 7 11 S
0167 8 13 S
0167 9 14 S
0167 10 15 S
0167 11 16 S
0167 12 17 S
0167 13 18 S
0167 14 20 S
0167 15 19 S
0167 15 22 S
0167 16 21 S
0167 17 23 S
0168 1 2 S
0168 2 3 S
0168 3 5 S
0168 4 4 S
0168 5 6 S
0169 1 1 S
0169 2 7 S
0169 2 8 S
0169 3 10 S
0169 4 11 S
0169 6 2 S
0169 7 3 S
0169 8 3 S
0169 9 5 S
0169 10 4 S
0169 11 6 S
0169 12 12 S
0169 13 13 S
0169 14 14 S
0169 15 15 S
0169 15 17 S
0169 16 16 S
0169 17 18 S
0169 18 19 S
0169 18 20 S
0169 19 21 S
0169 19 22 S
0169 20 23 S
0169 21 24 S
0169 22 25 S
0169 22 26 S
0169 23 28 S
0169 23 29 S
0169 24 28 S
0169 24 29 S
0169 25 28 S
0169 25 29 S
0169 26 30 S
0169 27 32 S
0169 28 33 S
0169 29 31 S
0169 29 34 S
0169 30 35 S
0169 31 36 S
0169 32 37 S
0169 33 40 S
0169 35 39 S
0169 36 39 S
0169 37 41 S
0169 38 43 S
0169 39 43 S
0169 40 44 S
0169 41 45 S
0169 42 46 S
0169 43 48 S
0169 44 47 S
0169 45 52 S
0170 1 1 S
0170 2 2 S
0170 3 3 S
0170 3 4 S
0170 4 5 S
0170 5 6 S
0170 6 7 S
0170 7 8 S
0170 7 9 S
0170 7 10 S
0170 8 11 S
0170 8 12 S
0170 8 13 S
0170 9 14 S
0170 10 15 S
0170 11 16 S
0170 12 17 S
0170 12 18 S
0170 13 19 S
0170 14 22 S
0170 15 20 S
0170 15 21 S
0170 17 22 S
0170 18 23 S
0170 18 24 S
0170 19 25 S
0170 19 26 S
0170 20 33 S
0171 1 2 S
0171 2 1 S
0171 3 3 S
0171 4 4 S
0171 5 6 S
0171 6 5 S
0171 7 7 S
0172 1 3 S
0172 2 4 S
0172 2 5 S
0172 3 7 S
0172 4 8 S
0172 5 9 S
0172 6 11 S
0172 7 10 S
0172 8 12 S
0172 9 13 S
0172 10 14 S
0172 11 15 S
0172 11 17 S
0172 12 16 S
0172 13 18 S
0173 1 1 S
0173 1 2 S
0173 2 1 S
0173 2 2 S
0173 3 4 S
0173 4 5 S
0173 5 6 S
0173 6 7 S
0173 7 7 S
0173 8 8 S
0173 9 9 S
0173 10 10 S
0173 11 11 S
0173 12 12 S
0173 13 15 S
0173 14 13 S
0173 15 14 S
0173 16 16 S
0173 17 17 S
0173 18 17 S
0173 19 18 S
0173 19 19 S
0173 20 21 S
0173 21 20 S
0173 22 22 S
0173 23 23 S
0173 24 24 S
0173 25 25 S
0173 26 26 S
0173 27 26 S
0173 28 27 S
0173 29 28 S
0173 30 29 S
0173 31 30 S
0173 32 30 S
0173 34 31 S
0173 34 32 S
0173 35 33 S
0173 36 33 S
0173 37 34 S
0173 38 37 S
0173 38 38 S
0173 38 39 S
0173 39 37 S
0173 39 38 S
0173 39 39 S
0173 41 40 S
0173 42 46 S
0173 43 46 S
0173 44 47 S
0173 45 49 S
0173 46 48 S
0173 46 51 S
0173 47 50 S
0173 48 50 S
0173 49 50 S
0173 50 52 S
0174 1 1 S
0174 2 2 S
0174 3 9 S
0174 3 10 S
0174 3 11 S
0174 3 15 S
0174 3 16 S
0174 4 9 S
0174 4 10 S
0174 4 11 S
0174 4 15 S
0174 4 16 S
0174 5 9 S
0174 5 10 S
0174 5 11 S
0174 5 15 S
0174 5 16 S
0174 6 9 S
0174 6 10 S
0174 6 11 S
0174 6 15 S
0174 6 16 S
0174 8 12 S
0174 8 14 S
0174 9 13 S
0174 10 8 S
0174 11 16 S
0174 12 7 S
0174 13 17 S
0175 1 3 S
0175 2 2 S
0175 3 1 S
0175 4 4 S
0175 5 5 S
0175 5 7 S
0175 5 8 S
0175 5 9 S
0175 5 10 S
0175 5 11 S
0175 6 6 S
0175 7 12 S
0176 1 1 S
0176 2 2 S
0176 3 4 S
0176 4 3 S
0176 4 5 S
0176 4 6 S
0176 5 3 S
0176 5 5 S
0176 5 6 S
0176 8 11 S
0176 9 8 S
0176 9 10 S
0176 13 14 S
0176 16 14 S
0176 17 15 S
0176 18 16 S
0176 19 17 S
0177 1 1 S
0177 1 2 S
0177 2 5 S
0177 4 4 S
0177 5 5 S
0177 6 6 S
0177 7 8 S
0177 8 7 S
0177 10 9 S
0177 10 10 S
0177 11 11 S
0177 12 11 S
0177 13 12 S
0178 1 3 S
0178 2 1 S
0178 3 2 S
0178 5 4 S
0178 6 7 S
0178 7 6 S
0178 8 8 S
0178 9 4 S
0178 10 9 S
0178 11 10 S
0178 13 11 S
0178 14 12 S
0178 14 13 S
0178 15 12 S
0178 15 13 S
0178 16 14 S
0178 17 15 S
0178 17 16 S
0178 18 17 S
0178 19 18 S
0178 20 19 S
0178 21 20 S
0178 22 21 S
0178 23 22 S
0178 24 23 S
0178 25 24 S
0178 25 27 S
0178 26 25 S
0178 26 26 S
0178 27 28 S
0179 1 1 S
0179 2 2 S
0179 2 3 S
0179 3 2 S
0179 3 3 S
0179 4 2 S
0179 4 3 S
0179 7 4 S
0179 8 4 S
0179 9 5 S
0179 9 7 S
0179 10 6 S
0179 11 6 S
0179 12 8 S
0179 13 8 S
0179 14 9 S
0179 15 10 S
0179 17 11 S
0179 18 12 S
0179 20 14 S
0179 20 15 S
0179 21 16 S
0179 22 17 S
0179 23 18 S
0179 23 19 S
0179 24 20 S
0179 25 23 S
0179 26 24 S
0179 27 25 S
0179 28 26 S
0179 29 27 S
0179 30 28 S
0179 31 29 S
0179 31 30 S
0179 32 29 S
0179 32 30 S
0179 33 29 S
0179 33 30 S
0179 34 31 S
0179 35 32 S
0179 36 32 S
0179 37 8 S
0179 39 33 S
0179 40 35 S
0179 41 34 S
0179 42 34 S
0179 44 36 S
0179 46 37 S
0179 47 38 S
0179 48 39 S
0179 48 40 S
0179 49 41 S
0179 50 42 S
0179 51 45 S
0180 1 1 S
0180 2 2 S
0180 3 4 S
0180 5 3 S
0180 6 5 S
0180 7 6 S
0180 8 7 S
0180 8 10 S
0180 9 8 S
0180 9 9 S
0180 10 11 S
0180 11 11 S
0180 12 12 S
0180 13 14 S
0181 1 1 S
0181 2 2 S
0181 3 5 S
0181 4 4 S
0181 5 6 S
0181 6 7 S
0181 7 8 S
0181 9 9 S
0181 10 10 S
0181 11 11 S
0181 12 11 S
0181 14 12 S
0181 15 13 S
0181 16 14 S
0181 17 16 S
0181 18 16 S
0181 19 15 S
0181 20 17 S
0181 20 18 S
0181 21 19 S
0181 22 19 S
0181 23 19 S
0181 24 20 S
0181 24 21 S
0181 25 22 S
0181 26 23 S
0181 27 24 S
0182 1 1 S
0182 2 3 S
0182 3 4 S
0182 4 5 S
0182 5 6 S
0182 6 7 S
0182 7 9 S
0182 8 11 S
0182 9 10 S
0182 11 12 S
0182 12 13 S
0182 13 14 S
0182 14 15 S
0182 15 16 S
0182 16 17 S
0182 17 18 S
0182 17 19 S
0182 17 20 S
0182 18 18 S
0182 18 19 S
0182 18 20 S
0182 19 21 S
0182 19 22 S
0182 20 23 S
0182 21 23 S
0182 22 24 S
0182 23 25 S
0183 1 1 S
0183 2 2 S
0183 3 4 S
0183 4 4 S
0183 5 5 S
0183 6 5 S
0183 5 7 S
0183 6 7 S
0183 7 10 S
0183 8 8 S
0183 8 9 S
0183 9 11 S
0183 9 12 S
0183 10 13 S
0183 10 15 S
0183 11 14 S
0183 12 14 S
0183 13 16 S
0183 14 17 S
0183 15 17 S
0183 16 18 S
0183 16 20 S
0183 18 19 S
0183 19 21 S
0183 20 22 S
0183 21 23 S
0183 22 24 S
0183 23 25 S
0183 24 26 S
0184 1 3 S
0184 2 4 S
0184 4 5 S
0184 5 6 S
0184 6 7 S
0184 6 8 S
0184 7 10 S
0184 8 9 S
0184 9 11 S
0184 9 12 S
0184 9 13 S
0184 10 14 S
0184 11 15 S
0184 12 16 S
0184 13 17 S
0184 13 18 S
0184 14 22 S
0184 15 23 S
0184 16 24 S
0184 17 30 S
0185 1 1 S
0185 2 2 S
0185 3 3 S
0185 4 4 S
0185 4 5 S
0185 6 7 S
0185 7 8 S
0185 7 9 S
0185 7 10 S
0185 9 8 S
0185 9 9 S
0185 9 10 S
0185 10 8 S
0185 10 9 S
0185 10 10 S
0185 11 11 S
0185 12 21 S
0185 13 12 S
0185 13 13 S
0185 14 14 S
0185 15 15 S
0185 16 16 S
0185 17 22 S
0185 18 22 S
0185 19 24 S
0185 20 23 S
0185 21 25 S
0185 22 26 S
0185 23 27 S
0185 24 28 S
0185 25 29 S
0185 25 30 S
0185 27 29 S
0185 27 30 S
0185 28 29 S
0185 28 30 S
0185 29 31 S
0185 30 32 S
0185 31 32 S
0185 32 33 S
0185 33 34 S
0186 1 1 S
0186 2 1 S
0186 3 2 S
0186 4 4 S
0186 5 3 S
0186 8 6 S
0186 9 6 S
0186 10 7 S
0186 10 8 S
0186 11 9 S
0186 12 10 S
0186 13 11 S
0186 14 12 S
0186 15 13 S
0186 16 14 S
0186 17 15 S
0186 18 16 S
0186 19 17 S
0187 1 2 S
0187 2 3 S
0187 3 4 S
0187 4 5 S
0187 5 6 S
0187 6 8 S
0187 7 7 S
0187 7 9 S
0187 8 9 S
0187 9 11 S
0187 10 12 S
0187 10 13 S
0187 11 14 S
0187 12 15 S
0187 13 17 S
0187 14 18 S
0187 15 19 S
0187 15 20 S
0187 16 21 S
0187 17 22 S
0187 18 23 S
0187 18 25 S
0187 19 25 S
0187 20 26 S
0187 20 27 S
0187 21 26 S
0187 21 27 S
0187 22 28 S
0187 23 29 S
0187 24 30 S
0187 25 31 S
0187 26 32 S
0187 27 33 S
0187 28 34 S
0188 1 3 S
0188 2 1 S
0188 3 5 S
0188 5 5 S
0188 6 6 S
0188 7 7 S
0189 1 2 S
0189 2 1 S
0189 4 3 S
0189 5 4 S
0189 6 11 S
0189 7 5 S
0189 8 6 S
0189 9 7 S
0189 10 8 S
0189 15 9 S
0189 16 10 S
0189 17 10 S
0189 19 12 S
0189 22 13 S
0189 23 13 S
0189 24 14 S
0189 25 14 S
0189 26 15 S
0189 27 16 S
0190 1 1 S
0190 1 2 S
0190 1 3 S
0190 2 4 S
0190 3 6 S
0190 4 6 S
0190 5 7 S
0190 6 8 S
0190 7 9 S
0190 8 10 S
0190 9 17 S
0190 9 18 S
0190 10 14 S
0190 11 15 S
0190 12 16 S
0190 13 13 S
0190 14 13 S
0190 15 11 S
0190 16 12 S
0190 17 19 S
0190 18 20 S
0190 19 23 S
0190 20 22 S
0190 21 24 S
0191 1 1 S
0191 2 2 S
0191 3 3 S
0191 4 4 S
0191 5 5 S
0191 6 7 S
0191 7 8 S
0191 8 6 S
0191 8 9 S
0191 9 10 S
0191 10 12 S
0191 11 11 S
0191 12 13 S
0191 13 14 S
0191 14 15 S
0191 14 17 S
0191 15 16 S
0191 16 18 S
0191 17 19 S
0192 1 2 S
0192 2 2 S
0192 3 3 S
0192 4 4 S
0192 5 5 S
0192 6 6 S
0192 7 7 S
0192 8 9 S
0192 9 9 S
0192 10 10 S
0192 12 11 S
0192 13 14 S
0192 14 13 S
0192 15 15 S
0192 16 16 S
0192 16 18 S
0192 17 17 S
0192 18 19 S
0192 19 20 S
0192 20 20 S
0192 21 21 S
0192 22 22 S
0192 23 23 S
0192 25 24 S
0192 25 25 S
0192 26 26 S
0193 1 1 S
0193 2 5 S
0193 3 3 S
0193 4 2 S
0193 9 6 S
0193 12 7 S
0193 12 8 S
0193 12 9 S
0193 13 7 S
0193 13 8 S
0193 13 9 S
0193 14 7 S
0193 14 8 S
0193 14 9 S
0193 15 7 S
0193 15 8 S
0193 15 9 S
0193 16 10 S
0193 17 10 S
0193 18 13 S
0193 19 14 S
0194 1 3 S
0194 2 4 S
0194 3 5 S
0194 4 6 S
0194 4 7 S
0194 4 8 S
0194 4 9 S
0194 5 10 S
0194 6 11 S
0194 7 14 S
0194 9 16 S
0194 10 16 S
0194 12 16 S
0194 13 16 S
0194 14 17 S
0194 15 18 S
0194 15 19 S
0194 16 20 S
0194 17 21 S
0194 18 23 S
0194 19 22 S
0194 20 24 S
0195 1 1 S
0195 2 2 S
0195 3 2 S
0195 4 9 S
0195 5 10 S
0195 6 11 S
0195 8 4 S
0195 9 5 S
0195 11 8 S
0195 12 3 S
0195 12 6 S
0195 13 7 S
0195 14 12 S
0195 15 13 S
0195 16 14 S
0195 17 15 S
0195 17 16 S
0195 18 15 S
0195 18 16 S
0195 21 17 S
0195 21 18 S
0195 22 19 S
0195 23 23 S
0196 1 1 S
0196 2 2 S
0196 3 3 S
0196 4 4 S
0196 4 5 S
0196 6 6 S
0196 7 7 S
0196 8 9 S
0196 9 9 S
0196 10 11 S
0196 11 12 S
0196 12 13 S
0196 13 14 S
0196 14 14 S
0196 15 15 S
0196 16 15 S
0196 17 16 S
0197 1 3 S
0197 1 4 S
0197 2 1 S
0197 2 2 S
0197 3 7 S
0197 4 8 S
0197 5 12 S
0197 6 13 S
0197 8 9 S
0197 8 11 S
0197 9 10 S
0197 10 14 S
0198 1 1 S
0198 2 2 S
0198 2 3 S
0198 2 4 S
0198 3 5 S
0198 4 6 S
0198 5 7 S
0198 6 8 S
0198 7 9 S
0198 8 10 S
0198 9 13 S
0198 11 11 S
0198 11 12 S
0198 12 11 S
0198 12 12 S
0198 13 14 S
0198 14 18 S
0199 1 1 S
0199 2 3 S
0199 3 4 S
0199 3 6 S
0199 4 5 S
0199 5 7 S
0199 6 8 S
0199 7 8 S
0199 8 9 S
0199 9 10 S
0199 10 11 S
0199 11 11 S
0199 12 11 S
0199 13 11 S
0199 14 12 S
0199 14 13 S
0199 14 15 S
0199 15 14 S
0199 16 16 S
0199 17 18 S
0199 18 17 S
0199 19 19 S
0199 20 20 S
0199 21 21 S
0199 22 22 S
0199 23 24 S
0199 24 23 S
0199 25 23 S
0199 26 25 S
0199 27 28 S
0199 28 26 S
0199 29 27 S
0199 30 27 S
0199 31 27 S
0199 32 29 S
0200 1 1 S
0200 2 2 S
0200 3 4 S
0200 3 5 S
0200 4 6 S
0200 5 7 S
0200 6 10 S
0200 6 11 S
0200 6 12 S
0200 8 10 S
0200 8 11 S
0200 8 12 S
0200 10 10 S
0200 10 11 S
0200 10 12 S
0200 12 13 S
0200 13 14 S
0200 13 15 S
0200 14 16 S
0200 14 17 S
0200 14 18 S
0200 15 19 S
0200 16 22 S
0200 17 22 S
0200 18 23 S
0200 18 24 S
0200 19 25 S
0200 20 29 S
0200 21 26 S
0200 22 26 S
0200 23 26 S
0200 24 27 S
0200 25 28 S
0200 27 30 S
0200 28 32 S
0200 29 31 S
0200 30 33 S
0200 30 34 S
0200 31 35 S
0200 32 37 S
0200 33 38 S
0200 34 39 S
0200 35 36 S
0200 36 40 S
0200 38 43 S
0200 39 41 S
0200 40 45 S
0200 41 45 S
0200 42 46 S
0200 43 50 S
0200 44 49 S
0200 45 51 S
0200 46 52 S
0200 47 53 S
0200 48 55 S
0200 49 54 S
0200 49 56 S
0200 52 57 S
0200 53 58 S
0200 54 59 S
0200 55 60 S
0201 1 1 S
0201 2 2 S
0201 3 3 S
0201 4 4 S
0201 5 5 S
0201 6 6 S
0201 7 7 S
0201 7 11 S
0201 8 9 S
0201 8 12 S
0201 9 8 S
0201 10 10 S
0201 11 13 S
0201 12 14 S
0201 13 15 S
0201 14 16 S
0201 15 17 S
0201 16 18 S
0201 18 18 S
0201 19 18 S
0201 20 19 S
0201 21 20 S
0201 22 21 S
0201 23 25 S
0201 24 24 S
0201 25 22 S
0201 26 23 S
0201 27 26 S
0201 28 27 S
0201 29 31 S
0201 31 28 S
0201 32 29 S
0201 33 30 S
0201 34 30 S
0201 35 32 S
0201 38 33 S
0201 39 35 S
0201 40 34 S
0201 41 41 S
0201 42 37 S
0201 43 38 S
0201 43 39 S
0201 44 52 S
0201 45 52 S
0201 46 41 S
0201 47 42 S
0201 48 43 S
0201 49 44 S
0201 50 45 S
0201 51 46 S
0201 52 48 S
0201 53 47 S
0201 53 50 S
0201 53 51 S
0201 54 49 S
0201 55 49 S
0201 56 53 S
0201 57 55 S
0201 58 54 S
0201 59 56 S
0201 60 57 S
0201 61 58 S
0201 62 59 S
0201 63 60 S
0201 64 62 S
0201 65 61 S
0201 66 63 S
0201 67 64 S
0201 67 65 S
0201 68 64 S
0201 68 65 S
0201 69 66 S
0201 69 67 S
0201 70 68 S
0201 71 69 S
0201 74 71 S
0201 76 73 S
0201 77 74 S
0201 78 75 S
0201 79 72 S
0201 80 76 S
0202 1 1 S
0202 2 2 S
0202 3 3 S
0202 4 4 S
0202 5 5 S
0202 6 6 S
0202 7 8 S
0202 8 9 S
0202 9 10 S
0202 10 11 S
0202 11 12 S
0202 11 15 S
0202 12 13 S
0202 13 13 S
0202 14 14 S
0202 15 16 S
0202 16 17 S
0202 16 19 S
0202 17 18 S
0202 18 20 S
0203 1 1 S
0203 2 3 S
0203 2 4 S
0203 2 5 S
0203 2 6 S
0203 2 7 S
0203 2 8 S
0203 4 3 S
0203 4 4 S
0203 4 5 S
0203 4 6 S
0203 4 7 S
0203 4 8 S
0203 5 9 S
0203 6 10 S
0203 7 11 S
0203 7 12 S
0203 8 13 S
0203 9 14 S
0203 10 15 S
